1
*****************
2
*****************
3
*****************
4
*****************
5
*****************
6
*****************
7
*****************
8
*****************
9
*****************
10
*****************
11
*****************
12
*****************
13
*****************
14
*****************
15
*****************
16
*****************
17
*****************
18
*****************
19
*****************
20
*****************
21
*****************
22
*****************
23
*****************
24
2 2
*****************
25
2 2
*****************
26
2 2
*****************
27
2 2
*****************
28
2 2
*****************
29
2 2
*****************
30
2 2
*****************
31
2 2
*****************
32
2 2
*****************
33
2 2
*****************
34
2 2
*****************
35
2 2
*****************
36
2 2
*****************
37
2 2
*****************
38
2 2
*****************
39
2 2
*****************
40
2 2
*****************
41
2 2
*****************
42
2 2
*****************
43
2 2
*****************
44
2 2
*****************
45
2 2
*****************
46
2 2
*****************
47
2 2
*****************
48
2 2
*****************
49
2 2
*****************
50
2 2
*****************
51
2 2
*****************
52
2 2
*****************
53
2 2
*****************
54
2 2
*****************
55
2 2
*****************
56
2 2
*****************
57
2 2
*****************
58
2 2
*****************
59
2 2
*****************
60
2 2
*****************
61
2 2
*****************
62
2 2
*****************
63
2 2
*****************
64
2 2
*****************
65
2 2
*****************
66
2 2
*****************
67
2 2
*****************
68
2 2
*****************
69
2 2
*****************
70
2 2
*****************
71
2 3
*****************
72
2 3
*****************
73
2 3
*****************
74
2 3
*****************
75
2 3
*****************
76
2 3
*****************
77
2 3
*****************
78
2 3
*****************
79
2 3
*****************
80
2 3
*****************
81
2 3
*****************
82
2 3
*****************
83
2 3
*****************
84
2 3
*****************
85
2 3
*****************
86
2 3
*****************
87
2 3
*****************
88
2 3
*****************
89
2 3
*****************
90
2 3
*****************
91
2 3
*****************
92
2 3
*****************
93
2 3
*****************
94
2 4
*****************
95
2 4
*****************
96
2 4
*****************
97
2 4
*****************
98
2 4
*****************
99
2 4
*****************
100
2 4
*****************
101
2 4
*****************
102
2 4
*****************
103
2 4
*****************
104
2 4
*****************
105
2 4
*****************
106
2 4
*****************
107
2 4
*****************
108
2 4
*****************
109
2 4
*****************
110
2 4
*****************
111
2 4
*****************
112
2 4
*****************
113
2 4
*****************
114
2 4
*****************
115
2 4
*****************
116
2 4
*****************
117
2 4
*****************
118
2 4
*****************
119
2 5
*****************
120
2 5
*****************
121
2 5
*****************
122
2 5
*****************
123
2 5
*****************
124
2 5
*****************
125
2 5
*****************
126
2 5
*****************
127
2 5
*****************
128
2 5
*****************
129
2 5
*****************
130
2 5
*****************
131
2 5
*****************
132
2 5
*****************
133
2 5
*****************
134
2 5
*****************
135
2 5
*****************
136
2 5
*****************
137
2 5
*****************
138
2 5
*****************
139
2 5
*****************
140
2 5
*****************
141
2 5
*****************
142
2 5
*****************
143
2 5
*****************
144
2 5
*****************
145
2 5
*****************
146
2 5
*****************
147
2 5
*****************
148
2 6
*****************
149
2 6
*****************
150
2 6
*****************
151
2 6
*****************
152
2 6
*****************
153
2 6
*****************
154
2 6
*****************
155
2 6
*****************
156
2 6
*****************
157
2 6
*****************
158
2 6
*****************
159
2 6
*****************
160
2 6
*****************
161
2 6
*****************
162
2 6
*****************
163
2 6
*****************
164
2 6
*****************
165
2 6
*****************
166
2 6
*****************
167
2 6
*****************
168
2 6
*****************
169
2 6
*****************
170
2 6
*****************
171
2 6
*****************
172
2 6
*****************
173
2 6
*****************
174
2 6
*****************
175
2 6
*****************
176
2 6
*****************
177
2 6
*****************
178
2 6
*****************
179
2 6
*****************
180
2 6
*****************
181
2 6
*****************
182
2 6
*****************
183
2 6
*****************
184
2 6
*****************
185
2 6
*****************
186
2 6
*****************
187
2 6
*****************
188
2 6
*****************
189
2 6
*****************
190
2 6
*****************
191
2 6
*****************
192
2 6
*****************
193
2 6
*****************
194
2 6
*****************
195
2 6
*****************
196
2 6
*****************
197
2 6
*****************
198
2 6
*****************
199
2 6
*****************
200
2 6
*****************
201
2 7
*****************
202
2 7
*****************
203
2 7
*****************
204
2 7
*****************
205
2 7
*****************
206
2 7
*****************
207
2 7
*****************
208
2 8
*****************
209
2 8
*****************
210
2 8
*****************
211
2 8
*****************
212
2 8
*****************
213
2 8
*****************
214
2 8
*****************
215
2 8
*****************
216
2 8
*****************
217
2 8
*****************
218
2 8
*****************
219
2 8
*****************
220
2 8
*****************
221
2 8
*****************
222
2 8
*****************
223
2 8
*****************
224
2 8
*****************
225
2 8
*****************
226
2 8
*****************
227
2 8
*****************
228
2 8
*****************
229
2 8
*****************
230
2 8
*****************
231
2 8
*****************
232
2 8
*****************
233
2 8
*****************
234
2 8
*****************
235
2 8
*****************
236
2 8
*****************
237
2 8
*****************
238
2 8
*****************
239
2 8
*****************
240
2 8
*****************
241
2 8
*****************
242
2 8
*****************
243
2 8
*****************
244
2 8
*****************
245
2 8
*****************
246
2 9
*****************
247
2 9
*****************
248
2 9
*****************
249
2 9
*****************
250
2 9
*****************
251
2 9
*****************
252
2 9
*****************
253
2 9
*****************
254
2 9
*****************
255
2 9
*****************
256
2 9
*****************
257
2 9
*****************
258
2 9
*****************
259
2 9
*****************
260
2 9
*****************
261
2 9
*****************
262
2 9
*****************
263
2 9
*****************
264
2 9
*****************
265
2 9
*****************
266
2 9
*****************
267
2 9
*****************
268
2 9
*****************
269
2 9
*****************
270
2 9
*****************
271
2 9
*****************
272
2 9
*****************
273
2 9
*****************
274
2 9
*****************
275
2 9
*****************
276
2 9
*****************
277
2 9
*****************
278
2 9
*****************
279
2 9
*****************
280
2 10
*****************
281
2 10
*****************
282
2 10
*****************
283
2 10
*****************
284
2 10
*****************
285
2 10
*****************
286
2 10
*****************
287
2 10
*****************
288
2 10
*****************
289
2 10
*****************
290
2 10
*****************
291
2 10
*****************
292
2 10
*****************
293
2 10
*****************
294
2 10
*****************
295
2 10
*****************
296
2 10
*****************
297
2 10
*****************
298
2 10
*****************
299
2 10
*****************
300
2 10
*****************
301
2 10
*****************
302
2 10
*****************
303
2 10
*****************
304
2 10
*****************
305
2 10
*****************
306
2 10
*****************
307
2 10
*****************
308
2 10
*****************
309
2 10
*****************
310
2 10
*****************
311
2 10
*****************
312
2 10
*****************
313
2 10
*****************
314
2 10
*****************
315
2 10
*****************
316
2 10
*****************
317
2 10
*****************
318
2 10
*****************
319
2 10
*****************
320
2 10
*****************
321
2 10
*****************
322
2 10
*****************
323
2 10
*****************
324
2 10
*****************
325
2 10
*****************
326
2 12
*****************
327
2 13
*****************
328
2 13
*****************
329
2 13
*****************
330
2 13
*****************
331
2 13
*****************
332
2 13
*****************
333
2 13
*****************
334
2 13
*****************
335
2 13
*****************
336
2 14
*****************
337
2 14
*****************
338
2 15
*****************
339
2 15
*****************
340
2 15
*****************
341
2 15
*****************
342
2 15
*****************
343
2 15
*****************
344
2 15
*****************
345
2 15
*****************
346
2 16
*****************
347
2 16
*****************
348
2 16
*****************
349
2 16
*****************
350
2 16
*****************
351
2 16
*****************
352
2 16
*****************
353
2 16
*****************
354
2 16
*****************
355
2 16
*****************
356
2 16
*****************
357
2 16
*****************
358
2 16
*****************
359
2 16
*****************
360
2 16
*****************
361
2 16
*****************
362
2 16
*****************
363
2 16
*****************
364
2 16
*****************
365
2 17
*****************
366
2 17
*****************
367
2 17
*****************
368
2 17
*****************
369
2 18
*****************
370
2 18
*****************
371
2 18
*****************
372
2 18
*****************
373
2 18
*****************
374
2 18
*****************
375
2 18
*****************
376
2 18
*****************
377
2 19
*****************
378
2 19
*****************
379
2 19
*****************
380
2 19
*****************
381
2 19
*****************
382
2 19
*****************
383
2 19
*****************
384
2 19
*****************
385
2 19
*****************
386
2 19
*****************
387
2 19
*****************
388
2 20
*****************
389
2 20
*****************
390
2 20
*****************
391
2 20
*****************
392
2 20
*****************
393
2 20
*****************
394
2 20
*****************
395
2 20
*****************
396
2 20
*****************
397
2 20
*****************
398
2 20
*****************
399
2 20
*****************
400
2 20
*****************
401
2 20
*****************
402
2 20
*****************
403
2 20
*****************
404
2 20
*****************
405
2 20
*****************
406
2 20
*****************
407
2 20
*****************
408
2 20
*****************
409
2 20
*****************
410
2 21
*****************
411
2 21
*****************
412
2 21
*****************
413
2 21
*****************
414
2 21
*****************
415
2 21
*****************
416
2 21
*****************
417
2 21
*****************
418
2 21
*****************
419
2 21
*****************
420
2 21
*****************
421
2 21
*****************
422
2 21
*****************
423
2 21
*****************
424
2 21
*****************
425
2 21
*****************
426
2 21
*****************
427
2 21
*****************
428
2 21
*****************
429
2 21
*****************
430
2 21
*****************
431
2 21
*****************
432
2 21
*****************
433
2 22
*****************
434
2 22
*****************
435
2 22
*****************
436
2 22
*****************
437
2 22
*****************
438
2 22
*****************
439
2 22
*****************
440
2 22
*****************
441
2 22
*****************
442
2 22
*****************
443
2 22
*****************
444
2 22
*****************
445
2 22
*****************
446
2 22
*****************
447
2 22
*****************
448
2 22
*****************
449
2 22
*****************
450
2 22
*****************
451
2 22
*****************
452
2 22
*****************
453
2 22
*****************
454
2 22
*****************
455
2 22
*****************
456
2 22
*****************
457
2 22
*****************
458
2 23
*****************
459
2 23
*****************
460
2 23
*****************
461
2 24
*****************
462
2 24
*****************
463
2 24
*****************
464
2 24
*****************
465
2 24
*****************
466
2 24
*****************
467
2 24
*****************
468
2 24
*****************
469
2 24
*****************
470
2 24
*****************
471
2 24
*****************
472
2 24
*****************
473
2 24
*****************
474
2 24
*****************
475
2 24
*****************
476
2 24
*****************
477
2 25
*****************
478
2 25
*****************
479
2 25
*****************
480
2 25
*****************
481
2 25
*****************
482
2 25
*****************
483
2 25
*****************
484
2 25
*****************
485
2 25
*****************
486
2 25
*****************
487
2 25
*****************
488
2 25
*****************
489
2 25
*****************
490
2 25
*****************
491
2 25
*****************
492
2 26
*****************
493
2 26
*****************
494
2 26
*****************
495
2 26
*****************
496
2 26
*****************
497
2 26
*****************
498
2 26
*****************
499
2 26
*****************
500
2 26
*****************
501
2 26
*****************
502
2 26
*****************
503
2 26
*****************
504
2 26
*****************
505
2 26
*****************
506
2 26
*****************
507
2 26
*****************
508
2 26
*****************
509
2 26
*****************
510
2 26
*****************
511
2 26
*****************
512
2 26
*****************
513
2 26
*****************
514
2 26
*****************
515
2 26
*****************
516
2 26
*****************
517
2 27
*****************
518
2 27
*****************
519
2 27
*****************
520
2 27
*****************
521
2 27
*****************
522
2 27
*****************
523
2 27
*****************
524
2 27
*****************
525
2 27
*****************
526
2 27
*****************
527
2 27
*****************
528
2 27
*****************
529
2 27
*****************
530
2 27
*****************
531
2 27
*****************
532
2 27
*****************
533
2 28
*****************
534
2 28
*****************
535
2 28
*****************
536
2 28
*****************
537
2 28
*****************
538
2 28
*****************
539
2 28
*****************
540
2 28
*****************
541
2 28
*****************
542
2 28
*****************
543
2 28
*****************
544
2 28
*****************
545
2 28
*****************
546
2 28
*****************
547
2 28
*****************
548
2 28
*****************
549
2 28
*****************
550
2 28
*****************
551
2 28
*****************
552
2 28
*****************
553
2 28
*****************
554
2 28
*****************
555
2 28
*****************
556
2 28
*****************
557
2 28
*****************
558
2 28
*****************
559
2 28
*****************
560
2 28
*****************
561
2 28
*****************
562
2 28
*****************
563
2 28
*****************
564
2 28
*****************
565
2 28
*****************
566
2 29
*****************
567
2 29
*****************
568
2 29
*****************
569
2 29
*****************
570
2 29
*****************
571
2 29
*****************
572
2 29
*****************
573
2 29
*****************
574
2 29
*****************
575
2 29
*****************
576
2 29
*****************
577
2 29
*****************
578
2 29
*****************
579
2 29
*****************
580
2 29
*****************
581
2 29
*****************
582
2 29
*****************
583
2 29
*****************
584
2 29
*****************
585
2 29
*****************
586
2 29
*****************
587
2 29
*****************
588
2 29
*****************
589
2 29
*****************
590
2 29
*****************
591
2 29
*****************
592
2 29
*****************
593
2 29
*****************
594
2 29
*****************
595
2 29
*****************
596
2 29
*****************
597
2 30
*****************
598
2 30
*****************
599
2 30
*****************
600
2 30
*****************
601
2 30
*****************
602
2 30
*****************
603
2 30
*****************
604
2 30
*****************
605
2 30
*****************
606
2 30
*****************
607
2 30
*****************
608
2 30
*****************
609
2 30
*****************
610
2 30
*****************
611
2 30
*****************
612
2 30
*****************
613
2 30
*****************
614
2 30
*****************
615
2 30
*****************
616
2 30
*****************
617
2 30
*****************
618
2 30
*****************
619
2 30
*****************
620
2 30
*****************
621
2 30
*****************
622
2 30
*****************
623
2 30
*****************
624
2 30
*****************
625
2 30
*****************
626
2 30
*****************
627
2 30
*****************
628
2 30
*****************
629
2 30
*****************
630
2 30
*****************
631
2 30
*****************
632
2 30
*****************
633
2 30
*****************
634
2 30
*****************
635
2 30
*****************
636
2 30
*****************
637
2 30
*****************
638
2 30
*****************
639
2 30
*****************
640
2 30
*****************
641
2 30
*****************
642
2 30
*****************
643
2 30
*****************
644
2 30
*****************
645
2 30
*****************
646
2 30
*****************
647
2 30
*****************
648
2 30
*****************
649
2 30
*****************
650
2 30
*****************
651
2 30
*****************
652
2 30
*****************
653
2 30
*****************
654
2 30
*****************
655
2 30
*****************
656
2 30
*****************
657
2 30
*****************
658
2 30
*****************
659
2 30
*****************
660
2 30
*****************
661
2 30
*****************
662
2 30
*****************
663
2 30
*****************
664
2 30
*****************
665
2 30
*****************
666
2 30
*****************
667
2 30
*****************
668
2 30
*****************
669
2 30
*****************
670
2 30
*****************
671
2 31
*****************
672
2 31
*****************
673
2 31
*****************
674
2 31
*****************
675
2 31
*****************
676
2 31
*****************
677
2 31
*****************
678
2 31
*****************
679
2 31
*****************
680
2 31
*****************
681
2 31
*****************
682
2 31
*****************
683
2 31
*****************
684
2 31
*****************
685
2 31
*****************
686
2 31
*****************
687
2 31
*****************
688
2 31
*****************
689
2 31
*****************
690
2 31
*****************
691
2 31
*****************
692
2 31
*****************
693
2 32
*****************
694
2 32
*****************
695
2 33
*****************
696
2 33
*****************
697
2 33
*****************
698
2 33
*****************
699
2 33
*****************
700
2 33
*****************
701
2 33
*****************
702
2 33
*****************
703
2 33
*****************
704
2 33
*****************
705
2 33
*****************
706
2 33
*****************
707
2 33
*****************
708
2 33
*****************
709
2 33
*****************
710
2 33
*****************
711
2 33
*****************
712
2 33
*****************
713
2 33
*****************
714
2 33
*****************
715
2 33
*****************
716
2 33
*****************
717
2 33
*****************
718
2 33
*****************
719
2 33
*****************
720
2 33
*****************
721
2 33
*****************
722
2 34
*****************
723
2 34
*****************
724
2 34
*****************
725
2 34
*****************
726
2 34
*****************
727
2 34
*****************
728
2 34
*****************
729
2 34
*****************
730
2 34
*****************
731
2 36
*****************
732
2 36
*****************
733
2 36
*****************
734
2 36
*****************
735
2 36
*****************
736
2 36
*****************
737
2 36
*****************
738
2 36
*****************
739
2 36
*****************
740
2 36
*****************
741
2 37
*****************
742
2 37
*****************
743
2 37
*****************
744
2 37
*****************
745
2 37
*****************
746
2 37
*****************
747
2 37
*****************
748
2 37
*****************
749
2 37
*****************
750
2 37
*****************
751
2 37
*****************
752
2 37
*****************
753
2 37
*****************
754
2 37
*****************
755
2 37
*****************
756
2 37
*****************
757
2 37
*****************
758
2 37
*****************
759
2 37
*****************
760
2 38
*****************
761
2 38
*****************
762
2 38
*****************
763
2 38
*****************
764
2 38
*****************
765
2 38
*****************
766
2 38
*****************
767
2 38
*****************
768
2 38
*****************
769
2 38
*****************
770
2 38
*****************
771
2 38
*****************
772
2 38
*****************
773
2 38
*****************
774
2 38
*****************
775
2 38
*****************
776
2 38
*****************
777
2 38
*****************
778
2 38
*****************
779
2 38
*****************
780
2 38
*****************
781
2 38
*****************
782
2 38
*****************
783
2 38
*****************
784
2 38
*****************
785
2 38
*****************
786
2 39
*****************
787
2 39
*****************
788
2 39
*****************
789
2 39
*****************
790
2 39
*****************
791
2 40
*****************
792
2 40
*****************
793
2 40
*****************
794
2 40
*****************
795
2 40
*****************
796
2 40
*****************
797
2 40
*****************
798
2 40
*****************
799
2 40
*****************
800
2 40
*****************
801
2 40
*****************
802
2 40
*****************
803
2 40
*****************
804
2 40
*****************
805
2 40
*****************
806
2 40
*****************
807
2 40
*****************
808
2 40
*****************
809
2 40
*****************
810
2 40
*****************
811
2 40
*****************
812
2 40
*****************
813
2 40
*****************
814
2 40
*****************
815
2 40
*****************
816
2 42
*****************
817
2 42
*****************
818
2 42
*****************
819
2 42
*****************
820
2 42
*****************
821
2 43
*****************
822
2 43
*****************
823
2 43
*****************
824
2 43
*****************
825
2 43
*****************
826
2 43
*****************
827
2 43
*****************
828
2 43
*****************
829
2 43
*****************
830
2 43
*****************
831
2 43
*****************
832
2 43
*****************
833
2 43
*****************
834
2 43
*****************
835
2 43
*****************
836
2 44
*****************
837
2 44
*****************
838
2 45
*****************
839
2 45
*****************
840
2 45
*****************
841
2 45
*****************
842
2 45
*****************
843
2 45
*****************
844
2 46
*****************
845
2 46
*****************
846
2 46
*****************
847
2 46
*****************
848
2 46
*****************
849
2 46
*****************
850
2 46
*****************
851
2 46
*****************
852
2 46
*****************
853
2 46
*****************
854
2 46
*****************
855
2 46
*****************
856
2 46
*****************
857
2 46
*****************
858
2 46
*****************
859
2 46
*****************
860
2 46
*****************
861
2 46
*****************
862
2 46
*****************
863
2 46
*****************
864
2 46
*****************
865
2 46
*****************
866
2 46
*****************
867
2 46
*****************
868
2 46
*****************
869
2 46
*****************
870
2 46
*****************
871
2 46
*****************
872
2 46
*****************
873
2 46
*****************
874
2 46
*****************
875
2 46
*****************
876
2 46
*****************
877
2 46
*****************
878
2 46
*****************
879
2 46
*****************
880
2 46
*****************
881
2 46
*****************
882
2 46
*****************
883
2 46
*****************
884
2 46
*****************
885
2 46
*****************
886
2 46
*****************
887
2 46
*****************
888
2 46
*****************
889
2 46
*****************
890
2 46
*****************
891
2 46
*****************
892
2 46
*****************
893
2 46
*****************
894
2 46
*****************
895
2 46
*****************
896
2 46
*****************
897
2 46
*****************
898
2 46
*****************
899
2 46
*****************
900
2 46
*****************
901
2 46
*****************
902
2 46
*****************
903
2 46
*****************
904
2 46
*****************
905
2 46
*****************
906
2 46
*****************
907
2 46
*****************
908
2 46
*****************
909
2 46
*****************
910
2 46
*****************
911
2 46
*****************
912
2 46
*****************
913
2 47
*****************
914
2 47
*****************
915
2 47
*****************
916
2 47
*****************
917
2 47
*****************
918
2 47
*****************
919
2 47
*****************
920
2 47
*****************
921
2 47
*****************
922
2 47
*****************
923
2 47
*****************
924
2 47
*****************
925
2 47
*****************
926
2 47
*****************
927
2 48
*****************
928
2 48
*****************
929
2 48
*****************
930
2 48
*****************
931
2 48
*****************
932
2 48
*****************
933
2 48
*****************
934
2 48
*****************
935
2 48
*****************
936
2 48
*****************
937
2 48
*****************
938
2 48
*****************
939
2 48
*****************
940
2 48
*****************
941
2 48
*****************
942
2 48
*****************
943
2 48
*****************
944
2 48
*****************
945
2 48
*****************
946
2 48
*****************
947
2 48
*****************
948
2 48
*****************
949
2 48
*****************
950
2 48
*****************
951
2 48
*****************
952
2 48
*****************
