1
2 1
*****************
2
2 1
*****************
3
2 1
*****************
4
2 1
*****************
5
2 1
*****************
6
2 1
*****************
7
2 1
*****************
8
2 1
*****************
9
2 2
*****************
10
2 2
*****************
11
2 2
*****************
12
2 3
*****************
13
2 3
*****************
14
2 3
*****************
15
2 4
*****************
16
2 4
*****************
17
2 5
*****************
18
2 5
*****************
19
2 5
*****************
20
2 5
*****************
21
2 5
*****************
22
2 5
*****************
23
2 5
*****************
24
2 5
*****************
25
2 6
*****************
26
2 7
*****************
27
2 7
*****************
28
2 7
*****************
29
2 7
*****************
30
2 7
*****************
31
2 8
*****************
32
2 8
*****************
33
2 8
*****************
34
2 9
*****************
35
2 9
*****************
36
2 10
*****************
37
2 10
*****************
38
2 10
*****************
39
2 10
*****************
40
2 10
*****************
41
2 10
*****************
42
2 10
*****************
43
2 10
*****************
44
2 10
*****************
45
2 10
*****************
46
2 10
*****************
47
2 10
*****************
48
2 12
*****************
49
2 12
*****************
50
2 12
*****************
51
2 12
*****************
52
2 12
*****************
53
2 12
*****************
54
2 12
*****************
55
2 12
*****************
56
2 13
*****************
57
2 14
*****************
58
2 14
*****************
59
2 14
*****************
60
2 14
*****************
61
2 14
*****************
62
2 14
*****************
63
2 14
*****************
64
2 14
*****************
65
2 14
*****************
66
2 14
*****************
67
2 14
*****************
68
2 14
*****************
69
2 15
*****************
70
2 15
*****************
71
2 15
*****************
72
2 15
*****************
73
2 15
*****************
74
2 15
*****************
75
2 15
*****************
76
2 15
*****************
77
2 15
*****************
78
2 15
*****************
79
2 15
*****************
80
2 15
*****************
81
2 15
*****************
82
2 15
*****************
83
2 15
*****************
84
2 15
*****************
85
2 16
*****************
86
2 16
*****************
87
2 17
*****************
88
2 19
*****************
89
2 19
*****************
90
2 19
*****************
91
2 20
*****************
92
2 20
*****************
93
2 20
*****************
94
2 21
*****************
95
2 21
*****************
96
2 21
*****************
97
2 21
*****************
98
2 21
*****************
99
2 21
*****************
100
2 21
*****************
101
2 21
*****************
102
2 21
*****************
103
2 21
*****************
104
2 21
*****************
105
2 21
*****************
106
2 21
*****************
107
2 21
*****************
108
2 21
*****************
109
2 21
*****************
110
2 21
*****************
111
2 21
*****************
112
2 21
*****************
113
2 21
*****************
114
2 21
*****************
115
2 21
*****************
116
2 21
*****************
117
2 21
*****************
118
2 21
*****************
119
2 21
*****************
120
2 21
*****************
121
2 22
*****************
122
2 23
*****************
123
2 23
*****************
124
2 23
*****************
125
2 23
*****************
126
2 23
*****************
127
2 23
*****************
128
2 23
*****************
129
2 23
*****************
130
2 23
*****************
131
2 23
*****************
132
2 23
*****************
133
2 23
*****************
134
2 23
*****************
135
2 23
*****************
136
2 23
*****************
137
2 23
*****************
138
2 23
*****************
139
2 23
*****************
140
2 23
*****************
141
2 23
*****************
142
2 23
*****************
143
2 24
*****************
144
2 24
*****************
145
2 24
*****************
146
2 25
*****************
147
2 26
*****************
148
2 26
*****************
149
2 26
*****************
150
2 26
*****************
151
2 26
*****************
152
2 26
*****************
153
2 26
*****************
154
2 26
*****************
155
2 26
*****************
156
2 26
*****************
157
2 28
*****************
158
2 28
*****************
159
2 29
*****************
160
2 30
*****************
161
2 30
*****************
162
2 30
*****************
163
2 30
*****************
164
2 31
*****************
165
2 31
*****************
166
2 31
*****************
167
2 31
*****************
168
2 31
*****************
169
2 31
*****************
170
2 31
*****************
171
2 31
*****************
172
2 31
*****************
173
2 31
*****************
174
2 31
*****************
175
2 31
*****************
176
2 32
*****************
177
2 32
*****************
178
2 32
*****************
179
2 32
*****************
180
2 33
*****************
181
2 33
*****************
182
2 33
*****************
183
2 33
*****************
184
2 33
*****************
185
2 33
*****************
186
2 33
*****************
187
2 33
*****************
188
2 33
*****************
189
2 33
*****************
190
2 33
*****************
191
2 33
*****************
192
2 33
*****************
193
2 33
*****************
194
2 33
*****************
195
2 33
*****************
196
2 33
*****************
197
2 33
*****************
198
2 33
*****************
199
2 33
*****************
200
2 33
*****************
201
2 33
*****************
202
2 33
*****************
203
2 33
*****************
204
2 33
*****************
205
2 33
*****************
206
2 33
*****************
207
2 33
*****************
208
2 33
*****************
209
2 33
*****************
210
2 33
*****************
211
2 33
*****************
212
2 33
*****************
213
2 33
*****************
214
2 33
*****************
215
2 33
*****************
216
2 33
*****************
217
2 33
*****************
218
2 33
*****************
219
2 33
*****************
220
2 33
*****************
221
2 33
*****************
222
2 33
*****************
223
2 34
*****************
224
2 34
*****************
225
2 34
*****************
226
2 34
*****************
227
2 34
*****************
228
2 34
*****************
229
2 34
*****************
230
2 35
*****************
231
2 35
*****************
232
2 35
*****************
233
2 35
*****************
234
2 36
*****************
235
2 36
*****************
236
2 36
*****************
237
2 36
*****************
238
2 36
*****************
239
2 36
*****************
240
2 36
*****************
241
2 36
*****************
242
2 36
*****************
243
2 36
*****************
244
2 36
*****************
245
2 36
*****************
246
2 36
*****************
247
2 36
*****************
248
2 37
*****************
249
2 39
*****************
250
2 40
*****************
251
2 40
*****************
252
2 40
*****************
253
2 40
*****************
254
2 40
*****************
255
2 40
*****************
256
2 40
*****************
257
2 40
*****************
258
2 40
*****************
259
2 40
*****************
260
2 40
*****************
261
2 40
*****************
262
2 40
*****************
263
2 40
*****************
264
2 40
*****************
265
2 40
*****************
266
2 40
*****************
267
2 40
*****************
268
2 40
*****************
269
2 40
*****************
270
2 40
*****************
271
2 40
*****************
272
2 40
*****************
273
2 40
*****************
274
2 40
*****************
275
2 41
*****************
276
2 41
*****************
277
2 41
*****************
278
2 41
*****************
279
2 41
*****************
280
2 41
*****************
281
2 41
*****************
282
2 41
*****************
283
2 41
*****************
284
2 42
*****************
285
2 42
*****************
286
2 42
*****************
287
2 44
*****************
288
2 44
*****************
289
2 44
*****************
290
2 44
*****************
291
2 44
*****************
292
2 44
*****************
293
2 44
*****************
294
2 44
*****************
295
2 44
*****************
296
2 44
*****************
297
2 44
*****************
298
2 44
*****************
299
2 44
*****************
300
2 45
*****************
301
2 45
*****************
302
2 45
*****************
303
2 45
*****************
304
2 45
*****************
305
2 45
*****************
306
2 45
*****************
307
2 45
*****************
308
2 45
*****************
309
2 45
*****************
310
2 45
*****************
311
2 46
*****************
312
2 46
*****************
313
2 46
*****************
314
2 46
*****************
315
2 47
*****************
316
2 47
*****************
317
2 47
*****************
318
2 47
*****************
319
2 47
*****************
320
2 47
*****************
321
2 47
*****************
322
2 47
*****************
323
2 47
*****************
324
2 47
*****************
325
2 47
*****************
326
2 47
*****************
327
2 47
*****************
328
2 47
*****************
329
2 47
*****************
330
2 47
*****************
331
2 47
*****************
332
2 47
*****************
333
2 47
*****************
334
2 47
*****************
335
2 47
*****************
336
2 47
*****************
337
2 47
*****************
338
2 47
*****************
339
2 47
*****************
340
2 47
*****************
341
2 48
*****************
342
2 48
*****************
343
2 48
*****************
344
2 48
*****************
345
2 48
*****************
346
2 48
*****************
347
2 48
*****************
348
2 49
*****************
349
2 49
*****************
350
2 49
*****************
351
2 49
*****************
352
2 49
*****************
353
2 50
*****************
354
2 50
*****************
355
2 50
*****************
356
2 51
*****************
357
2 51
*****************
358
2 51
*****************
359
2 51
*****************
360
2 51
*****************
361
2 51
*****************
362
2 51
*****************
363
2 51
*****************
364
2 51
*****************
365
2 51
*****************
366
2 51
*****************
367
2 51
*****************
368
2 51
*****************
369
2 51
*****************
370
2 51
*****************
371
2 51
*****************
372
2 51
*****************
373
2 51
*****************
374
2 51
*****************
375
2 51
*****************
376
2 51
*****************
377
2 51
*****************
378
2 51
*****************
379
2 51
*****************
380
2 51
*****************
381
2 51
*****************
382
2 51
*****************
383
2 51
*****************
384
2 51
*****************
385
2 51
*****************
386
2 51
*****************
387
2 51
*****************
388
2 51
*****************
389
2 51
*****************
390
2 51
*****************
391
2 51
*****************
392
2 51
*****************
393
2 51
*****************
394
2 51
*****************
395
2 51
*****************
396
2 52
*****************
397
2 52
*****************
398
2 52
*****************
399
2 53
*****************
400
2 53
*****************
401
2 53
*****************
402
2 53
*****************
403
2 53
*****************
404
2 53
*****************
405
2 53
*****************
406
2 53
*****************
407
2 53
*****************
408
2 53
*****************
409
2 53
*****************
410
2 53
*****************
411
2 53
*****************
412
2 53
*****************
413
2 54
*****************
414
2 54
*****************
415
2 54
*****************
416
2 54
*****************
417
2 54
*****************
418
2 54
*****************
419
2 54
*****************
420
2 54
*****************
421
2 54
*****************
422
2 54
*****************
423
2 54
*****************
424
2 54
*****************
425
2 55
*****************
426
2 55
*****************
427
2 55
*****************
428
2 55
*****************
429
2 55
*****************
430
2 55
*****************
431
2 55
*****************
432
2 56
*****************
433
2 56
*****************
434
2 56
*****************
435
2 56
*****************
436
2 56
*****************
437
2 56
*****************
438
2 56
*****************
439
2 56
*****************
440
2 56
*****************
441
2 56
*****************
442
2 56
*****************
443
2 56
*****************
444
2 56
*****************
445
2 56
*****************
446
2 56
*****************
447
2 56
*****************
448
2 56
*****************
449
2 56
*****************
450
2 56
*****************
451
2 56
*****************
452
2 56
*****************
453
2 56
*****************
454
2 56
*****************
455
2 56
*****************
456
2 57
*****************
457
2 58
*****************
458
2 59
*****************
459
2 59
*****************
460
2 59
*****************
461
2 59
*****************
462
2 59
*****************
463
2 59
*****************
464
2 59
*****************
465
2 59
*****************
466
2 59
*****************
467
2 60
*****************
468
2 60
*****************
469
2 60
*****************
470
2 60
*****************
471
2 60
*****************
472
2 60
*****************
473
2 60
*****************
474
2 61
*****************
475
2 61
*****************
476
2 61
*****************
477
2 61
*****************
478
2 61
*****************
479
2 62
*****************
480
2 62
*****************
481
2 62
*****************
482
2 62
*****************
483
2 62
*****************
484
2 62
*****************
485
2 62
*****************
486
2 62
*****************
487
2 62
*****************
488
2 62
*****************
489
2 62
*****************
490
2 62
*****************
491
2 62
*****************
492
2 62
*****************
493
2 63
*****************
494
2 63
*****************
495
2 64
*****************
496
2 64
*****************
497
2 64
*****************
498
2 64
*****************
499
2 64
*****************
500
2 64
*****************
501
2 64
*****************
502
2 64
*****************
503
2 64
*****************
504
2 64
*****************
505
2 64
*****************
506
2 66
*****************
507
2 66
*****************
508
2 66
*****************
509
2 66
*****************
510
2 66
*****************
511
2 66
*****************
512
2 66
*****************
513
2 66
*****************
514
2 67
*****************
515
2 67
*****************
516
2 67
*****************
517
2 67
*****************
518
2 67
*****************
519
2 67
*****************
520
2 67
*****************
521
2 67
*****************
522
2 67
*****************
523
2 67
*****************
524
2 67
*****************
525
2 68
*****************
526
2 68
*****************
527
2 68
*****************
528
2 68
*****************
529
2 69
*****************
530
2 69
*****************
531
2 69
*****************
532
2 69
*****************
533
2 69
*****************
534
2 69
*****************
535
2 69
*****************
536
2 69
*****************
537
2 69
*****************
538
2 69
*****************
539
2 69
*****************
540
2 70
*****************
541
2 70
*****************
542
2 70
*****************
543
2 70
*****************
544
2 70
*****************
545
2 70
*****************
546
2 70
*****************
547
2 70
*****************
548
2 70
*****************
549
2 70
*****************
550
2 72
*****************
551
2 72
*****************
552
2 72
*****************
553
2 72
*****************
554
2 72
*****************
555
2 72
*****************
556
2 72
*****************
557
2 72
*****************
558
2 72
*****************
559
2 72
*****************
560
2 72
*****************
561
2 72
*****************
562
2 72
*****************
563
2 72
*****************
564
2 72
*****************
565
2 72
*****************
566
2 72
*****************
567
2 72
*****************
568
2 72
*****************
569
2 72
*****************
570
2 72
*****************
571
2 72
*****************
572
2 72
*****************
573
2 72
*****************
574
2 72
*****************
575
2 72
*****************
576
2 72
*****************
577
2 72
*****************
578
2 72
*****************
579
2 72
*****************
580
2 72
*****************
581
2 72
*****************
582
2 72
*****************
583
2 72
*****************
584
2 72
*****************
585
2 72
*****************
586
2 72
*****************
587
2 72
*****************
588
2 72
*****************
589
2 72
*****************
590
2 72
*****************
591
2 74
*****************
592
2 74
*****************
593
2 74
*****************
594
2 74
*****************
595
2 74
*****************
596
2 74
*****************
597
2 74
*****************
598
2 74
*****************
599
2 74
*****************
600
2 74
*****************
601
2 74
*****************
602
2 74
*****************
603
2 74
*****************
604
2 74
*****************
605
2 74
*****************
606
2 74
*****************
607
2 74
*****************
608
2 74
*****************
609
2 74
*****************
610
2 75
*****************
611
2 76
*****************
612
2 76
*****************
613
2 76
*****************
614
2 76
*****************
615
2 76
*****************
616
2 76
*****************
617
2 76
*****************
618
2 76
*****************
619
2 76
*****************
620
2 77
*****************
621
2 77
*****************
622
2 77
*****************
623
2 77
*****************
624
2 77
*****************
625
2 77
*****************
626
2 78
*****************
627
2 78
*****************
628
2 79
*****************
629
2 79
*****************
630
2 80
*****************
631
2 80
*****************
632
2 80
*****************
633
2 80
*****************
634
2 80
*****************
635
2 80
*****************
636
2 80
*****************
637
2 80
*****************
638
2 80
*****************
639
2 82
*****************
640
2 82
*****************
641
2 82
*****************
642
2 82
*****************
643
2 82
*****************
644
2 82
*****************
645
2 82
*****************
646
2 82
*****************
647
2 82
*****************
648
2 82
*****************
649
2 82
*****************
650
2 82
*****************
651
2 82
*****************
652
2 82
*****************
653
2 83
*****************
654
2 83
*****************
655
2 84
*****************
656
2 84
*****************
657
2 84
*****************
658
2 84
*****************
659
2 84
*****************
660
2 84
*****************
661
2 84
*****************
662
2 84
*****************
663
2 84
*****************
664
2 84
*****************
665
2 85
*****************
666
2 85
*****************
667
2 85
*****************
668
2 85
*****************
669
2 85
*****************
670
2 85
*****************
671
2 85
*****************
672
2 86
*****************
673
2 86
*****************
674
2 86
*****************
675
2 87
*****************
676
2 87
*****************
677
2 87
*****************
678
2 87
*****************
679
2 87
*****************
680
2 87
*****************
681
2 87
*****************
682
2 87
*****************
683
2 87
*****************
684
2 87
*****************
685
2 87
*****************
686
2 88
*****************
687
2 88
*****************
688
2 88
*****************
689
2 88
*****************
690
2 88
*****************
691
2 88
*****************
692
2 88
*****************
693
2 88
*****************
694
2 88
*****************
695
2 88
*****************
696
2 88
*****************
697
2 88
*****************
698
2 88
*****************
699
2 88
*****************
700
2 88
*****************
701
2 88
*****************
702
2 88
*****************
703
2 88
*****************
704
2 88
*****************
705
2 88
*****************
706
2 88
*****************
707
2 88
*****************
708
2 88
*****************
709
2 89
*****************
710
2 89
*****************
711
2 89
*****************
712
2 89
*****************
713
2 89
*****************
714
2 89
*****************
715
2 89
*****************
716
2 89
*****************
717
2 89
*****************
718
2 89
*****************
719
2 90
*****************
720
2 90
*****************
721
2 90
*****************
722
2 91
*****************
723
2 91
*****************
724
2 92
*****************
725
2 92
*****************
726
2 92
*****************
727
2 92
*****************
728
2 92
*****************
729
2 92
*****************
730
2 92
*****************
731
2 92
*****************
732
2 92
*****************
733
2 92
*****************
734
2 92
*****************
735
2 92
*****************
736
2 92
*****************
737
2 92
*****************
738
2 92
*****************
739
2 92
*****************
740
2 92
*****************
741
2 92
*****************
742
2 92
*****************
743
2 92
*****************
744
2 92
*****************
745
2 93
*****************
746
2 94
*****************
747
2 94
*****************
748
2 94
*****************
749
2 94
*****************
750
2 94
*****************
751
2 94
*****************
752
2 94
*****************
753
2 94
*****************
754
2 94
*****************
755
2 94
*****************
756
2 94
*****************
757
2 94
*****************
758
2 94
*****************
759
2 95
*****************
760
2 96
*****************
761
2 96
*****************
762
2 96
*****************
763
2 97
*****************
764
2 97
*****************
765
2 97
*****************
766
2 97
*****************
767
2 97
*****************
768
2 97
*****************
769
2 97
*****************
770
2 97
*****************
771
2 97
*****************
772
2 98
*****************
773
2 98
*****************
774
2 98
*****************
775
2 98
*****************
776
2 98
*****************
777
2 98
*****************
778
2 98
*****************
779
2 98
*****************
780
2 99
*****************
781
2 99
*****************
782
2 99
*****************
783
2 99
*****************
784
2 99
*****************
785
2 99
*****************
786
2 99
*****************
787
2 99
*****************
788
2 99
*****************
789
2 99
*****************
790
2 99
*****************
791
2 99
*****************
792
2 99
*****************
793
2 99
*****************
794
2 99
*****************
795
2 99
*****************
796
2 99
*****************
797
2 100
*****************
798
2 100
*****************
799
2 100
*****************
800
2 101
*****************
801
2 101
*****************
802
2 101
*****************
803
2 101
*****************
804
2 101
*****************
805
2 101
*****************
806
2 102
*****************
807
2 102
*****************
808
2 102
*****************
809
2 102
*****************
810
2 102
*****************
811
2 102
*****************
812
2 102
*****************
813
2 102
*****************
814
2 102
*****************
815
2 102
*****************
816
2 102
*****************
817
2 102
*****************
818
2 102
*****************
819
2 102
*****************
820
2 103
*****************
821
2 103
*****************
822
2 103
*****************
823
2 103
*****************
824
2 103
*****************
825
2 103
*****************
826
2 103
*****************
827
2 103
*****************
828
2 103
*****************
829
2 103
*****************
830
2 103
*****************
831
2 103
*****************
832
2 103
*****************
833
2 105
*****************
834
2 105
*****************
835
2 106
*****************
836
2 106
*****************
837
2 106
*****************
838
2 107
*****************
839
2 107
*****************
840
2 107
*****************
841
2 107
*****************
842
2 107
*****************
843
2 107
*****************
844
2 107
*****************
845
2 107
*****************
846
2 107
*****************
847
2 107
*****************
848
2 107
*****************
849
2 107
*****************
850
2 107
*****************
851
2 107
*****************
852
2 107
*****************
853
2 107
*****************
854
2 107
*****************
855
2 107
*****************
856
2 109
*****************
857
2 109
*****************
858
2 109
*****************
859
2 109
*****************
860
2 109
*****************
861
2 109
*****************
862
2 109
*****************
863
2 109
*****************
864
2 109
*****************
865
2 109
*****************
866
2 109
*****************
867
2 109
*****************
868
2 109
*****************
869
2 109
*****************
870
2 109
*****************
871
2 109
*****************
872
2 109
*****************
873
2 109
*****************
874
2 109
*****************
875
2 109
*****************
876
2 109
*****************
877
2 109
*****************
878
2 109
*****************
879
2 109
*****************
880
2 111
*****************
881
2 111
*****************
882
2 111
*****************
883
2 111
*****************
884
2 111
*****************
885
2 111
*****************
886
2 111
*****************
887
2 111
*****************
888
2 111
*****************
889
2 111
*****************
