1
*****************
2
2 1
*****************
3
2 1
*****************
4
2 1
*****************
5
2 1
*****************
6
2 1
*****************
7
2 1
*****************
8
2 2
*****************
9
2 2
*****************
10
2 2
*****************
11
2 2
*****************
12
2 2
*****************
13
2 2
*****************
14
2 2
*****************
15
2 2
*****************
16
2 2
*****************
17
2 2
*****************
18
2 2
*****************
19
2 2
*****************
20
2 2
*****************
21
2 2
*****************
22
2 2
*****************
23
2 2
*****************
24
2 2
*****************
25
2 2
*****************
26
2 2
*****************
27
2 2
*****************
28
2 2
*****************
29
2 2
*****************
30
2 2
*****************
31
2 2
*****************
32
2 2
*****************
33
2 2
*****************
34
2 2
*****************
35
2 3
*****************
36
2 4
*****************
37
2 4
*****************
38
2 4
*****************
39
2 4
*****************
40
2 4
*****************
41
2 4
*****************
42
2 4
*****************
43
2 4
*****************
44
2 5
*****************
45
2 5
*****************
46
2 5
*****************
47
2 5
*****************
48
2 7
*****************
49
2 7
*****************
50
2 8
*****************
51
2 9
*****************
52
2 9
*****************
53
2 10
*****************
54
2 10
*****************
55
2 11
*****************
56
2 11
*****************
57
2 11
*****************
58
2 11
*****************
59
2 11
*****************
60
2 11
*****************
61
2 11
*****************
62
2 11
*****************
63
2 11
*****************
64
2 11
*****************
65
2 12
*****************
66
2 13
*****************
67
2 14
*****************
68
2 14
*****************
69
2 15
*****************
70
2 15
*****************
71
2 15
*****************
72
2 15
*****************
73
2 15
*****************
74
2 15
*****************
75
2 15
*****************
76
2 15
*****************
77
2 15
*****************
78
2 15
*****************
79
2 15
*****************
80
2 16
*****************
81
2 16
*****************
82
2 17
*****************
83
2 18
*****************
84
2 18
*****************
85
2 18
*****************
86
2 18
*****************
87
2 18
*****************
88
2 20
*****************
89
2 21
*****************
90
2 22
*****************
91
2 22
*****************
92
2 23
*****************
93
2 23
*****************
94
2 23
*****************
95
2 24
*****************
96
2 25
*****************
97
2 25
*****************
98
2 25
*****************
99
2 25
*****************
100
2 25
*****************
101
2 26
*****************
102
2 26
*****************
103
2 26
*****************
104
2 27
*****************
105
2 28
*****************
106
2 28
*****************
107
2 28
*****************
108
2 28
*****************
109
2 28
*****************
110
2 28
*****************
111
2 28
*****************
112
2 28
*****************
113
2 29
*****************
114
2 29
*****************
115
2 29
*****************
116
2 29
*****************
117
2 29
*****************
118
2 29
*****************
119
2 29
*****************
120
2 29
*****************
121
2 29
*****************
122
2 29
*****************
123
2 29
*****************
124
2 29
*****************
125
2 29
*****************
126
2 29
*****************
127
2 29
*****************
128
2 29
*****************
129
2 29
*****************
130
2 29
*****************
131
2 29
*****************
132
2 29
*****************
133
2 30
*****************
134
2 30
*****************
135
2 30
*****************
136
2 30
*****************
137
2 30
*****************
138
2 31
*****************
139
2 31
*****************
140
2 31
*****************
141
2 31
*****************
142
2 31
*****************
143
2 31
*****************
144
2 31
*****************
145
2 31
*****************
146
2 31
*****************
147
2 31
*****************
148
2 32
*****************
149
2 32
*****************
150
2 32
*****************
151
2 32
*****************
152
2 32
*****************
153
2 32
*****************
154
2 32
*****************
155
2 35
*****************
156
2 35
*****************
157
2 35
*****************
158
2 35
*****************
159
2 36
*****************
160
2 36
*****************
161
2 36
*****************
162
2 36
*****************
163
2 36
*****************
164
2 36
*****************
165
2 36
*****************
166
2 36
*****************
167
2 36
*****************
168
2 36
*****************
169
2 36
*****************
170
2 36
*****************
171
2 36
*****************
172
2 36
*****************
173
2 37
*****************
174
2 37
*****************
175
2 37
*****************
176
2 37
*****************
177
2 37
*****************
178
2 37
*****************
179
2 38
*****************
180
2 38
*****************
181
2 39
*****************
182
2 39
*****************
183
2 39
*****************
184
2 39
*****************
185
2 39
*****************
186
2 39
*****************
187
2 39
*****************
188
2 39
*****************
189
2 39
*****************
190
2 40
*****************
191
2 40
*****************
192
2 40
*****************
193
2 40
*****************
194
2 40
*****************
195
2 40
*****************
196
2 40
*****************
197
2 41
*****************
198
2 41
*****************
199
2 41
*****************
200
2 41
*****************
201
2 41
*****************
202
2 41
*****************
203
2 42
*****************
204
2 42
*****************
205
2 42
*****************
206
2 42
*****************
207
2 42
*****************
208
2 42
*****************
209
2 43
*****************
210
2 43
*****************
211
2 43
*****************
212
2 43
*****************
213
2 43
*****************
214
2 43
*****************
215
2 43
*****************
216
2 44
*****************
217
2 44
*****************
218
2 45
*****************
219
2 45
*****************
220
2 45
*****************
221
2 45
*****************
222
2 45
*****************
223
2 45
*****************
224
2 45
*****************
225
2 45
*****************
226
2 46
*****************
227
2 47
*****************
228
2 47
*****************
229
2 47
*****************
230
2 47
*****************
231
2 47
*****************
232
2 47
*****************
233
2 49
*****************
234
2 49
*****************
235
2 49
*****************
236
2 49
*****************
237
2 50
*****************
238
2 50
*****************
239
2 50
*****************
240
2 51
*****************
241
2 51
*****************
242
2 51
*****************
243
2 51
*****************
244
2 51
*****************
245
2 51
*****************
246
2 51
*****************
247
2 51
*****************
248
2 51
*****************
249
2 52
*****************
250
2 52
*****************
251
2 52
*****************
252
2 52
*****************
253
2 53
*****************
254
2 54
*****************
255
2 54
*****************
256
2 54
*****************
257
2 54
*****************
258
2 54
*****************
259
2 54
*****************
260
2 54
*****************
261
2 54
*****************
262
2 54
*****************
263
2 54
*****************
264
2 54
*****************
265
2 54
*****************
266
2 54
*****************
267
2 54
*****************
268
2 54
*****************
269
2 55
*****************
270
2 55
*****************
271
2 55
*****************
272
2 55
*****************
273
2 55
*****************
274
2 55
*****************
275
2 56
*****************
276
2 56
*****************
277
2 56
*****************
278
2 56
*****************
279
2 57
*****************
280
2 57
*****************
281
2 57
*****************
282
2 57
*****************
283
2 57
*****************
284
2 57
*****************
285
2 57
*****************
286
2 58
*****************
287
2 59
*****************
288
2 59
*****************
289
2 59
*****************
290
2 59
*****************
291
2 60
*****************
292
2 61
*****************
293
2 61
*****************
294
2 63
*****************
295
2 63
*****************
296
2 63
*****************
297
2 63
*****************
298
2 63
*****************
299
2 63
*****************
300
2 63
*****************
301
2 63
*****************
302
2 63
*****************
303
2 63
*****************
304
2 65
*****************
305
2 66
*****************
306
2 66
*****************
307
2 66
*****************
308
2 66
*****************
309
2 66
*****************
310
2 66
*****************
311
2 67
*****************
312
2 69
*****************
313
2 69
*****************
314
2 69
*****************
315
2 69
*****************
316
2 69
*****************
317
2 69
*****************
318
2 69
*****************
319
2 69
*****************
320
2 69
*****************
321
2 69
*****************
322
2 69
*****************
323
2 69
*****************
324
2 69
*****************
325
2 71
*****************
326
2 72
*****************
327
2 72
*****************
328
2 72
*****************
329
2 72
*****************
330
2 72
*****************
331
2 72
*****************
332
2 72
*****************
333
2 72
*****************
334
2 72
*****************
335
2 72
*****************
336
2 72
*****************
337
2 72
*****************
338
2 73
*****************
339
2 73
*****************
340
2 73
*****************
341
2 74
*****************
342
2 75
*****************
343
2 75
*****************
344
2 76
*****************
345
2 77
*****************
346
2 77
*****************
347
2 79
*****************
348
2 79
*****************
349
2 79
*****************
350
2 79
*****************
351
2 79
*****************
352
2 79
*****************
353
2 79
*****************
354
2 79
*****************
355
2 79
*****************
356
2 80
*****************
357
2 80
*****************
358
2 80
*****************
359
2 80
*****************
360
2 80
*****************
361
2 80
*****************
362
2 80
*****************
363
2 80
*****************
364
2 81
*****************
365
2 83
*****************
366
2 83
*****************
367
2 83
*****************
368
2 83
*****************
369
2 84
*****************
370
2 84
*****************
371
2 85
*****************
372
2 85
*****************
373
2 85
*****************
374
2 85
*****************
375
2 85
*****************
376
2 85
*****************
377
2 85
*****************
378
2 85
*****************
379
2 85
*****************
380
2 85
*****************
381
2 85
*****************
382
2 85
*****************
383
2 85
*****************
384
2 85
*****************
385
2 85
*****************
386
2 85
*****************
387
2 85
*****************
388
2 85
*****************
389
2 85
*****************
390
2 85
*****************
391
2 87
*****************
392
2 87
*****************
393
2 87
*****************
394
2 87
*****************
395
2 87
*****************
396
2 87
*****************
397
2 87
*****************
398
2 87
*****************
399
2 87
*****************
400
2 88
*****************
401
2 88
*****************
402
2 90
*****************
403
2 90
*****************
404
2 90
*****************
405
2 90
*****************
406
2 90
*****************
407
2 90
*****************
408
2 90
*****************
409
2 90
*****************
410
2 91
*****************
411
2 91
*****************
412
2 91
*****************
413
2 91
*****************
414
2 91
*****************
415
2 91
*****************
416
2 91
*****************
417
2 91
*****************
418
2 91
*****************
419
2 91
*****************
420
2 91
*****************
421
2 91
*****************
422
2 91
*****************
423
2 92
*****************
424
2 92
*****************
425
2 92
*****************
426
2 92
*****************
427
2 92
*****************
428
2 92
*****************
429
2 92
*****************
430
2 92
*****************
431
2 92
*****************
432
2 92
*****************
433
2 92
*****************
434
2 92
*****************
435
2 93
*****************
436
2 93
*****************
437
2 93
*****************
438
2 93
*****************
439
2 93
*****************
440
2 94
*****************
441
2 94
*****************
442
2 94
*****************
443
2 94
*****************
444
2 94
*****************
445
2 94
*****************
446
2 94
*****************
447
2 94
*****************
448
2 94
*****************
449
2 94
*****************
450
2 94
*****************
451
2 94
*****************
452
2 94
*****************
453
2 94
*****************
454
2 94
*****************
455
2 94
*****************
456
2 94
*****************
457
2 94
*****************
458
2 94
*****************
459
2 94
*****************
460
2 94
*****************
461
2 94
*****************
462
2 94
*****************
463
2 94
*****************
464
2 94
*****************
465
2 94
*****************
466
2 96
*****************
467
2 96
*****************
468
2 96
*****************
469
2 96
*****************
470
2 96
*****************
471
2 96
*****************
472
2 96
*****************
473
2 96
*****************
474
2 96
*****************
475
2 96
*****************
476
2 96
*****************
477
2 96
*****************
478
2 96
*****************
479
2 97
*****************
480
2 97
*****************
481
2 97
*****************
482
2 97
*****************
483
2 99
*****************
484
2 99
*****************
485
2 99
*****************
486
2 99
*****************
487
2 100
*****************
488
2 101
*****************
489
2 101
*****************
490
2 101
*****************
491
2 101
*****************
492
2 103
*****************
493
2 104
*****************
494
2 106
*****************
495
2 107
*****************
496
2 107
*****************
497
2 107
*****************
498
2 107
*****************
499
2 109
*****************
500
2 109
*****************
501
2 109
*****************
502
2 110
*****************
503
2 110
*****************
504
2 110
*****************
505
2 110
*****************
506
2 110
*****************
507
2 110
*****************
508
2 111
*****************
509
2 111
*****************
510
2 112
*****************
511
2 112
*****************
512
2 114
*****************
513
2 114
*****************
514
2 114
*****************
515
2 114
*****************
516
2 114
*****************
517
2 114
*****************
518
2 114
*****************
519
2 114
*****************
520
2 114
*****************
521
2 114
*****************
522
2 114
*****************
523
2 114
*****************
524
2 114
*****************
525
2 114
*****************
526
2 115
*****************
527
2 117
*****************
528
2 117
*****************
529
2 117
*****************
530
2 118
*****************
531
2 118
*****************
532
2 118
*****************
533
2 118
*****************
534
2 118
*****************
535
2 119
*****************
536
2 119
*****************
537
2 119
*****************
538
2 119
*****************
539
2 119
*****************
540
2 119
*****************
541
2 119
*****************
542
2 119
*****************
543
2 119
*****************
544
2 119
*****************
545
2 119
*****************
546
2 119
*****************
547
2 119
*****************
548
2 120
*****************
549
2 120
*****************
550
2 120
*****************
551
2 120
*****************
552
2 120
*****************
553
2 120
*****************
554
2 120
*****************
555
2 120
*****************
556
2 120
*****************
557
2 120
*****************
558
2 121
*****************
559
2 121
*****************
560
2 122
*****************
561
2 122
*****************
562
2 124
*****************
563
2 125
*****************
564
2 125
*****************
565
2 125
*****************
566
2 125
*****************
567
2 125
*****************
568
2 125
*****************
569
2 125
*****************
570
2 125
*****************
571
2 125
*****************
572
2 126
*****************
573
2 126
*****************
574
2 126
*****************
575
2 127
*****************
576
2 127
*****************
577
2 127
*****************
578
2 127
*****************
579
2 127
*****************
580
2 129
*****************
581
2 129
*****************
582
2 130
*****************
583
2 130
*****************
584
2 130
*****************
585
2 130
*****************
586
2 131
*****************
587
2 131
*****************
588
2 131
*****************
589
2 132
*****************
590
2 132
*****************
591
2 132
*****************
592
2 132
*****************
593
2 132
*****************
594
2 132
*****************
595
2 132
*****************
596
2 133
*****************
597
2 133
*****************
598
2 133
*****************
599
2 133
*****************
600
2 133
*****************
601
2 134
*****************
602
2 134
*****************
603
2 135
*****************
604
2 136
*****************
605
2 137
*****************
606
2 137
*****************
607
2 137
*****************
608
2 137
*****************
609
2 137
*****************
610
2 137
*****************
611
2 137
*****************
612
2 137
*****************
613
2 139
*****************
614
2 139
*****************
615
2 139
*****************
616
2 139
*****************
617
2 139
*****************
618
2 139
*****************
619
2 139
*****************
620
2 139
*****************
621
2 139
*****************
622
2 139
*****************
623
2 139
*****************
624
2 139
*****************
625
2 139
*****************
626
2 139
*****************
627
2 139
*****************
628
2 140
*****************
629
2 141
*****************
630
2 141
*****************
631
2 141
*****************
632
2 142
*****************
633
2 143
*****************
634
2 143
*****************
635
2 145
*****************
636
2 147
*****************
637
2 149
*****************
638
2 149
*****************
639
2 149
*****************
640
2 149
*****************
641
2 149
*****************
642
2 150
*****************
643
2 150
*****************
644
2 150
*****************
645
2 150
*****************
646
2 152
*****************
647
2 152
*****************
648
2 152
*****************
649
2 152
*****************
650
2 152
*****************
651
2 152
*****************
652
2 152
*****************
653
2 152
*****************
654
2 152
*****************
655
2 152
*****************
656
2 152
*****************
657
2 152
*****************
658
2 152
*****************
659
2 152
*****************
660
2 152
*****************
661
2 152
*****************
662
2 152
*****************
663
2 152
*****************
664
2 152
*****************
665
2 152
*****************
666
2 152
*****************
667
2 152
*****************
668
2 152
*****************
669
2 152
*****************
670
2 152
*****************
671
2 153
*****************
672
2 153
*****************
673
2 153
*****************
674
2 153
*****************
675
2 153
*****************
676
2 153
*****************
677
2 153
*****************
678
2 153
*****************
679
2 153
*****************
680
2 154
*****************
681
2 154
*****************
682
2 154
*****************
683
2 154
*****************
684
2 154
*****************
685
2 154
*****************
686
2 154
*****************
687
2 154
*****************
688
2 155
*****************
689
2 156
*****************
690
2 156
*****************
691
2 156
*****************
692
2 157
*****************
693
2 157
*****************
694
2 158
*****************
695
2 158
*****************
696
2 158
*****************
697
2 158
*****************
698
2 158
*****************
699
2 158
*****************
700
2 159
*****************
701
2 159
*****************
702
2 159
*****************
703
2 159
*****************
704
2 159
*****************
705
2 159
*****************
706
2 159
*****************
707
2 159
*****************
708
2 159
*****************
709
2 159
*****************
710
2 159
*****************
711
2 160
*****************
712
2 160
*****************
713
2 160
*****************
714
2 160
*****************
715
2 160
*****************
716
2 160
*****************
717
2 160
*****************
718
2 160
*****************
719
2 160
*****************
720
2 160
*****************
721
2 160
*****************
722
2 160
*****************
723
2 160
*****************
724
2 160
*****************
725
2 160
*****************
726
2 160
*****************
727
2 161
*****************
728
2 161
*****************
729
2 161
*****************
730
2 164
*****************
731
2 164
*****************
732
2 165
*****************
733
2 165
*****************
734
2 165
*****************
735
2 165
*****************
736
2 165
*****************
737
2 165
*****************
738
2 166
*****************
739
2 166
*****************
740
2 166
*****************
741
2 166
*****************
742
2 166
*****************
743
2 166
*****************
744
2 166
*****************
745
2 166
*****************
746
2 166
*****************
747
2 167
*****************
748
2 167
*****************
749
2 169
*****************
750
2 169
*****************
751
2 169
*****************
752
2 169
*****************
753
2 169
*****************
754
2 169
*****************
755
2 169
*****************
756
2 171
*****************
757
2 171
*****************
758
2 171
*****************
759
2 171
*****************
760
2 171
*****************
761
2 171
*****************
762
2 171
*****************
763
2 172
*****************
764
2 172
*****************
765
2 173
*****************
766
2 173
*****************
767
2 174
*****************
768
2 174
*****************
769
2 174
*****************
770
2 174
*****************
771
2 175
*****************
772
2 175
*****************
773
2 175
*****************
774
2 176
*****************
775
2 176
*****************
776
2 176
*****************
777
2 176
*****************
778
2 177
*****************
779
2 177
*****************
780
2 177
*****************
781
2 177
*****************
782
2 177
*****************
783
2 177
*****************
784
2 177
*****************
785
2 179
*****************
786
2 179
*****************
787
2 179
*****************
788
2 180
*****************
789
2 180
*****************
790
2 181
*****************
791
2 181
*****************
792
2 181
*****************
793
2 181
*****************
794
2 181
*****************
795
2 181
*****************
796
2 181
*****************
797
2 181
*****************
798
2 182
*****************
799
2 183
*****************
800
2 184
*****************
801
2 184
*****************
802
2 184
*****************
803
2 184
*****************
804
2 184
*****************
805
2 185
*****************
806
2 185
*****************
807
2 185
*****************
808
2 185
*****************
809
2 185
*****************
810
2 186
*****************
811
2 186
*****************
812
2 186
*****************
813
2 186
*****************
814
2 186
*****************
