200
0 1 2 3 4 5 6 7 8 9 10 11 12 13 14 15 16 17 18 19 20 21 22 23 24 25 26 27 28 29 30 31 32 33 34 35 36 37 38 39 40 41 42 43 44 45 46 47 48 49 50 51 52 53 54 55 56 57 58 59 60 61 62 63 64 65 66 67 68 69 70 71 72 73 74 75 76 77 78 79 80 81 82 83 84 85 86 87 88 89 90 91 92 93 94 95 96 97 98 99 100 101 102 103 104 105 106 107 108 109 110 111 112 113 114 115 116 117 118 119 120 121 122 123 124 125 126 127 128 129 130 131 132 133 134 135 136 137 138 139 140 141 142 143 144 145 146 147 148 149 150 151 152 153 154 155 156 157 158 159 160 161 162 163 164 165 166 167 168 169 170 171 172 173 174 175 176 177 178 179 180 181 182 183 184 185 186 187 188 189 190 191 192 193 194 195 196 197 198 199 
0 3
0 4
0 5
0 7
0 12
0 14
0 16
0 17
0 19
0 20
0 21
0 22
0 26
0 27
0 28
0 29
0 30
0 32
0 38
0 44
0 50
0 52
0 53
0 54
0 55
0 57
0 64
0 65
0 67
0 70
0 71
0 72
0 73
0 77
0 78
0 79
0 80
0 81
0 88
0 95
0 97
0 98
0 104
0 105
0 106
0 108
0 109
0 110
0 112
0 113
0 118
0 123
0 126
0 128
0 129
0 131
0 133
0 136
0 137
0 139
0 141
0 142
0 145
0 150
0 151
0 152
0 154
0 155
0 156
0 159
0 161
0 165
0 166
0 167
0 173
0 176
0 181
0 182
0 183
0 184
0 185
0 189
0 192
0 193
0 195
0 196
0 199
1 128
1 130
1 133
1 6
1 136
1 12
1 141
1 173
1 144
1 20
1 21
1 22
1 150
1 152
1 153
1 154
1 156
1 29
1 30
1 32
1 34
1 35
1 36
1 134
1 166
1 170
1 171
1 45
1 48
1 177
1 50
1 51
1 52
1 53
1 182
1 56
1 57
1 187
1 189
1 191
1 192
1 193
1 196
1 70
1 71
1 72
1 74
1 78
1 80
1 83
1 87
1 89
1 165
1 97
1 98
1 100
1 102
1 103
1 105
1 109
1 112
1 113
1 116
1 148
1 125
1 127
2 128
2 129
2 179
2 5
2 172
2 7
2 8
2 137
2 140
2 141
2 142
2 173
2 16
2 18
2 195
2 20
2 149
2 151
2 152
2 153
2 26
2 28
2 157
2 30
2 133
2 32
2 34
2 36
2 198
2 169
2 43
2 159
2 45
2 46
2 175
2 48
2 177
2 178
2 51
2 52
2 53
2 54
2 183
2 184
2 185
2 59
2 188
2 189
2 181
2 64
2 193
2 67
2 69
2 70
2 76
2 77
2 79
2 80
2 81
2 85
2 86
2 87
2 197
2 89
2 90
2 91
2 135
2 93
2 95
2 96
2 97
2 187
2 100
2 102
2 104
2 106
2 109
2 110
2 115
2 116
2 120
2 148
2 192
3 192
3 132
3 5
3 134
3 8
3 172
3 10
3 11
3 141
3 14
3 16
3 145
3 146
3 147
3 149
3 151
3 24
3 153
3 175
3 29
3 158
3 31
3 32
3 33
3 37
3 38
3 167
3 168
3 41
3 42
3 199
3 159
3 142
3 47
3 49
3 51
3 52
3 53
3 56
3 58
3 59
3 188
3 138
3 62
3 63
3 64
3 66
3 67
3 68
3 69
3 161
3 194
3 73
3 75
3 77
3 184
3 79
3 81
3 82
3 85
3 86
3 87
3 88
3 89
3 152
3 92
3 93
3 94
3 95
3 96
3 97
3 98
3 99
3 103
3 104
3 106
3 157
3 114
3 117
3 119
3 122
3 123
3 124
3 170
4 129
4 131
4 132
4 150
4 7
4 9
4 10
4 139
4 12
4 14
4 15
4 16
4 145
4 19
4 20
4 21
4 22
4 151
4 24
4 153
4 26
4 27
4 157
4 30
4 31
4 32
4 197
4 35
4 36
4 167
4 40
4 169
4 170
4 44
4 45
4 47
4 176
4 192
4 172
4 155
4 158
4 182
4 183
4 56
4 59
4 138
4 181
4 64
4 65
4 164
4 69
4 199
4 168
4 160
4 78
4 80
4 83
4 142
4 89
4 91
4 92
4 93
4 95
4 96
4 144
4 98
4 101
4 102
4 103
4 104
4 106
4 110
4 111
4 113
4 147
4 122
4 191
4 195
4 126
4 127
5 149
5 133
5 193
5 136
5 11
5 13
5 142
5 143
5 16
5 18
5 147
5 20
5 21
5 23
5 24
5 26
5 27
5 156
5 157
5 197
5 32
5 162
5 35
5 37
5 166
5 167
5 184
5 42
5 171
5 44
5 178
5 174
5 48
5 177
5 50
5 52
5 181
5 54
5 55
5 56
5 58
5 187
5 62
5 64
5 65
5 67
5 182
5 130
5 71
5 72
5 73
5 76
5 77
5 80
5 81
5 163
5 86
5 89
5 92
5 165
5 96
5 99
5 195
5 104
5 105
5 106
5 110
5 115
5 116
5 148
5 124
5 125
5 126
5 127
6 9
6 11
6 12
6 13
6 14
6 15
6 18
6 19
6 22
6 23
6 25
6 26
6 27
6 29
6 33
6 40
6 41
6 48
6 50
6 51
6 53
6 54
6 55
6 57
6 66
6 68
6 70
6 71
6 74
6 76
6 78
6 80
6 81
6 83
6 84
6 90
6 91
6 92
6 94
6 95
6 96
6 97
6 98
6 99
6 100
6 101
6 102
6 104
6 105
6 108
6 109
6 110
6 113
6 114
6 117
6 123
6 127
6 128
6 131
6 132
6 133
6 134
6 135
6 137
6 140
6 141
6 144
6 146
6 147
6 149
6 151
6 152
6 153
6 154
6 161
6 166
6 169
6 170
6 174
6 175
6 179
6 186
6 187
6 192
6 193
6 196
6 197
7 8
7 15
7 16
7 19
7 20
7 21
7 23
7 26
7 27
7 35
7 36
7 38
7 39
7 40
7 41
7 42
7 44
7 45
7 46
7 50
7 52
7 53
7 54
7 55
7 57
7 58
7 61
7 62
7 63
7 65
7 66
7 70
7 71
7 72
7 74
7 76
7 77
7 78
7 79
7 80
7 87
7 88
7 89
7 91
7 92
7 93
7 94
7 100
7 101
7 106
7 107
7 110
7 112
7 113
7 114
7 115
7 118
7 119
7 120
7 124
7 130
7 134
7 135
7 136
7 138
7 139
7 140
7 141
7 142
7 143
7 144
7 145
7 148
7 154
7 157
7 159
7 160
7 161
7 166
7 169
7 170
7 171
7 172
7 178
7 180
7 181
7 182
7 184
7 185
7 186
7 187
7 188
7 189
7 190
7 191
7 192
7 193
7 195
8 128
8 129
8 186
8 134
8 184
8 10
8 11
8 12
8 13
8 142
8 143
8 144
8 145
8 19
8 148
8 23
8 24
8 27
8 28
8 29
8 158
8 32
8 161
8 162
8 36
8 37
8 166
8 167
8 168
8 41
8 170
8 44
8 151
8 176
8 49
8 50
8 52
8 56
8 58
8 60
8 61
8 190
8 63
8 192
8 66
8 67
8 197
8 70
8 71
8 130
8 141
8 173
8 83
8 87
8 88
8 90
8 92
8 93
8 95
8 188
8 99
8 195
8 104
8 105
8 107
8 108
8 110
8 114
8 115
8 116
8 119
8 124
9 11
9 14
9 15
9 16
9 17
9 18
9 19
9 20
9 24
9 25
9 28
9 29
9 30
9 36
9 42
9 43
9 46
9 47
9 48
9 50
9 52
9 56
9 60
9 61
9 62
9 65
9 66
9 68
9 69
9 75
9 76
9 78
9 81
9 83
9 84
9 86
9 88
9 89
9 91
9 92
9 94
9 97
9 98
9 100
9 106
9 110
9 111
9 112
9 113
9 114
9 120
9 122
9 123
9 124
9 125
9 127
9 130
9 134
9 135
9 137
9 139
9 141
9 142
9 144
9 145
9 148
9 149
9 156
9 157
9 158
9 159
9 160
9 161
9 162
9 169
9 170
9 172
9 175
9 181
9 182
9 185
9 186
9 187
9 189
9 193
9 194
9 195
10 130
10 133
10 138
10 139
10 143
10 145
10 18
10 19
10 148
10 21
10 153
10 132
10 179
10 156
10 29
10 30
10 32
10 33
10 162
10 163
10 167
10 41
10 42
10 171
10 172
10 174
10 175
10 48
10 136
10 178
10 51
10 158
10 182
10 183
10 56
10 57
10 58
10 59
10 62
10 192
10 193
10 70
10 199
10 75
10 78
10 190
10 81
10 85
10 86
10 88
10 89
10 90
10 186
10 94
10 96
10 97
10 98
10 99
10 102
10 104
10 107
10 110
10 111
10 112
10 113
10 114
10 115
10 187
10 118
10 170
10 120
10 124
10 125
10 149
11 129
11 132
11 138
11 141
11 173
11 16
11 17
11 195
11 148
11 21
11 24
11 153
11 175
11 29
11 31
11 160
11 162
11 163
11 164
11 167
11 168
11 41
11 170
11 197
11 44
11 45
11 46
11 47
11 178
11 179
11 137
11 56
11 57
11 59
11 63
11 65
11 194
11 67
11 68
11 69
11 72
11 183
11 77
11 79
11 184
11 85
11 86
11 88
11 89
11 90
11 91
11 92
11 93
11 94
11 95
11 144
11 187
11 101
11 102
11 105
11 109
11 115
11 117
11 119
11 120
11 122
11 191
11 124
11 127
12 131
12 133
12 172
12 138
12 140
12 13
12 15
12 144
12 145
12 20
12 171
12 22
12 23
12 24
12 25
12 26
12 175
12 28
12 29
12 161
12 164
12 37
12 166
12 168
12 156
12 170
12 43
12 44
12 178
12 47
12 48
12 136
12 50
12 52
12 53
12 182
12 55
12 57
12 186
12 59
12 189
12 62
12 191
12 192
12 194
12 67
12 197
12 70
12 71
12 76
12 154
12 83
12 84
12 185
12 176
12 89
12 93
12 165
12 98
12 102
12 106
12 111
12 113
12 117
12 148
12 123
13 128
13 132
13 135
13 137
13 138
13 151
13 142
13 16
13 17
13 21
13 23
13 26
13 155
13 157
13 133
13 33
13 34
13 177
13 169
13 170
13 172
13 46
13 175
13 136
13 180
13 182
13 55
13 56
13 185
13 186
13 59
13 189
13 62
13 63
13 64
13 193
13 194
13 195
13 69
13 72
13 73
13 74
13 76
13 184
13 83
13 84
13 86
13 87
13 90
13 91
13 93
13 144
13 187
13 100
13 105
13 108
13 110
13 113
13 190
13 118
13 191
13 124
13 126
13 149
14 18
14 20
14 25
14 30
14 32
14 36
14 38
14 41
14 45
14 46
14 47
14 49
14 53
14 55
14 57
14 60
14 64
14 67
14 69
14 71
14 73
14 75
14 76
14 80
14 82
14 83
14 87
14 88
14 90
14 97
14 98
14 99
14 100
14 101
14 103
14 104
14 105
14 106
14 107
14 108
14 110
14 114
14 115
14 117
14 120
14 122
14 123
14 126
14 127
14 131
14 132
14 135
14 139
14 143
14 145
14 148
14 149
14 150
14 156
14 157
14 158
14 159
14 160
14 161
14 162
14 164
14 167
14 171
14 172
14 173
14 176
14 177
14 178
14 181
14 184
14 185
14 189
14 191
14 193
14 194
14 195
14 198
14 199
15 16
15 18
15 20
15 26
15 35
15 37
15 38
15 39
15 40
15 43
15 45
15 46
15 52
15 55
15 57
15 59
15 60
15 61
15 62
15 64
15 67
15 71
15 73
15 76
15 77
15 78
15 79
15 80
15 84
15 86
15 91
15 92
15 93
15 96
15 99
15 102
15 103
15 106
15 110
15 111
15 112
15 115
15 118
15 120
15 121
15 122
15 123
15 127
15 130
15 132
15 137
15 139
15 141
15 142
15 144
15 149
15 151
15 152
15 154
15 157
15 158
15 160
15 163
15 164
15 166
15 167
15 170
15 171
15 172
15 173
15 174
15 175
15 176
15 177
15 182
15 185
15 186
15 187
15 192
15 194
15 197
16 20
16 21
16 24
16 31
16 33
16 34
16 36
16 38
16 39
16 41
16 42
16 44
16 46
16 47
16 48
16 51
16 54
16 57
16 59
16 63
16 64
16 69
16 70
16 72
16 73
16 76
16 82
16 92
16 97
16 99
16 101
16 105
16 106
16 108
16 111
16 116
16 117
16 119
16 123
16 125
16 127
16 129
16 132
16 134
16 136
16 137
16 138
16 139
16 140
16 142
16 144
16 145
16 146
16 147
16 148
16 150
16 151
16 153
16 155
16 156
16 158
16 159
16 161
16 167
16 169
16 170
16 173
16 175
16 176
16 179
16 182
16 184
16 185
16 186
16 187
16 188
16 190
16 192
16 196
16 199
17 128
17 179
17 134
17 136
17 142
17 143
17 141
17 145
17 18
17 19
17 151
17 24
17 25
17 26
17 27
17 156
17 158
17 159
17 160
17 33
17 162
17 35
17 36
17 37
17 166
17 167
17 41
17 42
17 176
17 44
17 45
17 175
17 48
17 49
17 51
17 155
17 137
17 56
17 185
17 186
17 187
17 60
17 191
17 192
17 67
17 68
17 69
17 198
17 73
17 74
17 184
17 79
17 164
17 173
17 82
17 86
17 89
17 92
17 93
17 94
17 144
17 98
17 99
17 100
17 102
17 103
17 105
17 107
17 108
17 110
17 112
17 114
17 147
17 116
17 117
17 118
17 169
17 121
17 126
18 20
18 21
18 29
18 30
18 31
18 32
18 33
18 34
18 35
18 39
18 42
18 44
18 47
18 50
18 51
18 52
18 55
18 56
18 59
18 60
18 63
18 65
18 67
18 69
18 74
18 76
18 77
18 84
18 85
18 89
18 90
18 93
18 95
18 96
18 103
18 104
18 105
18 107
18 109
18 110
18 111
18 113
18 120
18 124
18 126
18 128
18 130
18 133
18 134
18 135
18 140
18 145
18 148
18 149
18 152
18 153
18 154
18 157
18 163
18 165
18 169
18 170
18 173
18 175
18 177
18 179
18 180
18 181
18 182
18 184
18 187
18 188
18 189
18 190
18 193
18 194
18 195
18 199
19 128
19 139
19 140
19 143
19 148
19 21
19 153
19 24
19 25
19 26
19 172
19 29
19 159
19 160
19 176
19 162
19 35
19 37
19 166
19 39
19 129
19 41
19 42
19 171
19 44
19 174
19 175
19 48
19 177
19 178
19 51
19 52
19 54
19 137
19 56
19 59
19 188
19 189
19 134
19 63
19 64
19 196
19 70
19 72
19 73
19 76
19 79
19 184
19 163
19 85
19 86
19 90
19 92
19 94
19 187
19 100
19 102
19 103
19 105
19 106
19 107
19 108
19 111
19 114
19 115
19 116
19 169
19 121
19 191
19 124
19 170
20 22
20 23
20 28
20 29
20 30
20 31
20 33
20 38
20 43
20 44
20 46
20 47
20 49
20 50
20 51
20 52
20 58
20 60
20 61
20 63
20 66
20 69
20 72
20 73
20 74
20 75
20 76
20 77
20 78
20 79
20 81
20 82
20 84
20 86
20 87
20 91
20 97
20 100
20 101
20 102
20 103
20 105
20 107
20 109
20 110
20 112
20 115
20 117
20 118
20 119
20 121
20 125
20 127
20 129
20 130
20 138
20 145
20 146
20 148
20 149
20 150
20 151
20 155
20 157
20 161
20 166
20 167
20 171
20 172
20 173
20 176
20 178
20 179
20 186
20 190
20 192
20 197
20 199
21 23
21 31
21 32
21 37
21 38
21 39
21 40
21 42
21 44
21 50
21 54
21 55
21 57
21 58
21 62
21 64
21 67
21 69
21 70
21 71
21 74
21 76
21 80
21 81
21 82
21 83
21 84
21 85
21 86
21 88
21 90
21 91
21 94
21 95
21 97
21 98
21 100
21 102
21 103
21 105
21 107
21 111
21 112
21 115
21 117
21 119
21 122
21 125
21 126
21 128
21 130
21 132
21 137
21 140
21 142
21 144
21 154
21 155
21 156
21 158
21 160
21 162
21 164
21 165
21 166
21 168
21 171
21 173
21 176
21 180
21 182
21 183
21 184
21 185
21 187
21 191
21 194
21 195
21 196
21 199
22 131
22 129
22 128
22 151
22 141
22 195
22 150
22 23
22 24
22 153
22 154
22 155
22 156
22 30
22 159
22 33
22 162
22 36
22 165
22 38
22 168
22 41
22 176
22 44
22 174
22 48
22 178
22 51
22 180
22 181
22 182
22 56
22 57
22 58
22 59
22 188
22 138
22 190
22 192
22 194
22 67
22 68
22 198
22 161
22 73
22 187
22 77
22 79
22 83
22 84
22 86
22 185
22 88
22 164
22 90
22 91
22 92
22 186
22 94
22 96
22 97
22 99
22 102
22 103
22 106
22 107
22 108
22 109
22 110
22 189
22 112
22 114
22 116
22 117
22 119
22 120
22 121
22 122
23 172
23 129
23 130
23 131
23 137
23 142
23 152
23 151
23 24
23 25
23 26
23 27
23 156
23 157
23 197
23 133
23 160
23 33
23 162
23 155
23 39
23 168
23 41
23 42
23 171
23 44
23 176
23 49
23 50
23 51
23 180
23 181
23 55
23 184
23 57
23 61
23 62
23 64
23 193
23 194
23 195
23 68
23 69
23 70
23 161
23 74
23 75
23 80
23 83
23 87
23 88
23 89
23 91
23 93
23 199
23 97
23 192
23 105
23 107
23 108
23 109
23 110
23 189
23 117
23 119
23 120
23 148
23 123
23 124
23 170
23 126
23 127
24 128
24 135
24 138
24 142
24 143
24 146
24 148
24 153
24 26
24 155
24 28
24 157
24 158
24 31
24 161
24 34
24 35
24 36
24 37
24 167
24 40
24 169
24 42
24 43
24 159
24 47
24 176
24 49
24 172
24 52
24 181
24 180
24 59
24 60
24 61
24 62
24 63
24 64
24 65
24 139
24 68
24 198
24 199
24 140
24 76
24 77
24 79
24 81
24 86
24 87
24 89
24 91
24 95
24 96
24 99
24 100
24 195
24 104
24 177
24 111
24 168
24 114
24 131
24 118
24 119
24 120
24 121
24 122
24 124
24 127
25 128
25 129
25 130
25 131
25 135
25 151
25 173
25 144
25 146
25 174
25 153
25 27
25 29
25 185
25 159
25 32
25 33
25 162
25 163
25 167
25 41
25 42
25 43
25 45
25 46
25 157
25 176
25 178
25 181
25 54
25 137
25 56
25 57
25 186
25 187
25 188
25 61
25 191
25 194
25 67
25 196
25 182
25 70
25 71
25 72
25 73
25 183
25 76
25 82
25 83
25 86
25 87
25 92
25 99
25 101
25 103
25 106
25 108
25 111
25 140
25 116
25 118
25 119
25 121
25 170
26 172
26 137
26 146
26 150
26 27
26 156
26 29
26 32
26 161
26 162
26 163
26 36
26 37
26 167
26 169
26 42
26 171
26 44
26 48
26 177
26 178
26 51
26 52
26 54
26 183
26 185
26 186
26 187
26 61
26 62
26 63
26 192
26 193
26 194
26 195
26 68
26 70
26 71
26 140
26 76
26 78
26 80
26 87
26 88
26 90
26 198
26 165
26 98
26 101
26 105
26 107
26 109
26 110
26 189
26 112
26 113
26 190
26 126
27 129
27 130
27 131
27 172
27 138
27 146
27 171
27 148
27 149
27 152
27 155
27 156
27 29
27 31
27 32
27 161
27 163
27 164
27 198
27 40
27 42
27 135
27 44
27 47
27 176
27 157
27 50
27 181
27 54
27 55
27 56
27 186
27 59
27 188
27 65
27 194
27 67
27 68
27 197
27 70
27 71
27 72
27 73
27 75
27 77
27 79
27 81
27 84
27 87
27 153
27 91
27 94
27 95
27 96
27 97
27 99
27 100
27 101
27 196
27 103
27 106
27 109
27 168
27 112
27 113
27 115
27 118
27 120
27 121
27 122
27 123
27 170
27 126
27 127
28 128
28 132
28 129
28 138
28 139
28 144
28 152
28 195
28 174
28 150
28 29
28 30
28 32
28 33
28 34
28 163
28 37
28 177
28 40
28 41
28 172
28 46
28 47
28 48
28 49
28 180
28 54
28 56
28 61
28 62
28 192
28 66
28 67
28 182
28 198
28 71
28 140
28 74
28 75
28 82
28 85
28 86
28 91
28 148
28 165
28 98
28 103
28 106
28 107
28 108
28 109
28 115
28 118
28 121
28 136
28 126
29 31
29 33
29 34
29 37
29 38
29 39
29 42
29 43
29 51
29 54
29 55
29 58
29 60
29 61
29 62
29 64
29 65
29 69
29 70
29 71
29 72
29 76
29 77
29 78
29 81
29 82
29 85
29 87
29 90
29 91
29 93
29 94
29 95
29 96
29 97
29 100
29 101
29 102
29 103
29 105
29 106
29 115
29 117
29 118
29 119
29 121
29 124
29 129
29 130
29 132
29 134
29 137
29 141
29 146
29 149
29 153
29 154
29 155
29 156
29 162
29 166
29 169
29 170
29 172
29 175
29 180
29 181
29 182
29 184
29 185
29 186
29 188
29 189
29 191
29 192
29 194
29 196
29 197
30 131
30 133
30 134
30 135
30 136
30 141
30 173
30 149
30 151
30 152
30 154
30 155
30 157
30 159
30 32
30 33
30 34
30 36
30 37
30 166
30 39
30 41
30 42
30 176
30 44
30 45
30 48
30 177
30 178
30 128
30 52
30 53
30 137
30 57
30 187
30 61
30 62
30 181
30 66
30 195
30 69
30 198
30 199
30 72
30 183
30 77
30 78
30 79
30 81
30 82
30 84
30 86
30 185
30 164
30 90
30 92
30 94
30 95
30 98
30 99
30 169
30 102
30 103
30 105
30 115
30 190
30 119
30 122
30 170
30 126
31 128
31 133
31 134
31 135
31 140
31 142
31 143
31 152
31 151
31 154
31 158
31 197
31 33
31 34
31 155
31 36
31 166
31 167
31 40
31 169
31 42
31 171
31 44
31 45
31 47
31 176
31 179
31 52
31 181
31 180
31 184
31 57
31 59
31 189
31 191
31 66
31 185
31 69
31 71
31 75
31 78
31 80
31 81
31 83
31 87
31 164
31 90
31 93
31 199
31 144
31 101
31 104
31 106
31 111
31 112
31 113
31 115
31 116
31 117
31 118
31 119
31 120
31 121
31 123
31 170
31 126
31 149
32 135
32 137
32 139
32 140
32 141
32 188
32 148
32 150
32 185
32 157
32 133
32 160
32 33
32 34
32 35
32 156
32 166
32 41
32 42
32 171
32 172
32 45
32 50
32 128
32 155
32 158
32 184
32 180
32 60
32 61
32 181
32 64
32 193
32 194
32 198
32 161
32 74
32 77
32 78
32 79
32 80
32 82
32 163
32 87
32 90
32 94
32 95
32 97
32 98
32 103
32 105
32 109
32 113
32 114
32 117
32 118
32 169
32 120
32 121
32 192
32 124
33 133
33 193
33 136
33 151
33 144
33 171
33 154
33 175
33 161
33 35
33 36
33 165
33 166
33 167
33 169
33 43
33 178
33 157
33 48
33 177
33 50
33 51
33 52
33 53
33 54
33 55
33 56
33 180
33 58
33 187
33 61
33 190
33 198
33 65
33 196
33 70
33 199
33 73
33 160
33 80
33 179
33 163
33 87
33 88
33 164
33 92
33 93
33 96
33 97
33 99
33 100
33 103
33 104
33 105
33 106
33 107
33 108
33 146
33 111
33 112
33 114
33 150
33 189
33 119
33 148
34 131
34 132
34 135
34 137
34 139
34 140
34 173
34 148
34 150
34 151
34 175
34 165
34 177
34 169
34 42
34 44
34 45
34 47
34 157
34 50
34 51
34 181
34 55
34 56
34 185
34 186
34 59
34 60
34 61
34 63
34 198
34 195
34 196
34 197
34 70
34 199
34 74
34 80
34 89
34 90
34 91
34 92
34 94
34 130
34 187
34 100
34 102
34 178
34 104
34 107
34 111
34 112
34 113
34 117
34 189
34 120
34 121
34 122
34 123
34 125
35 145
35 138
35 140
35 141
35 149
35 173
35 132
35 155
35 157
35 158
35 133
35 163
35 36
35 165
35 38
35 40
35 41
35 170
35 135
35 45
35 46
35 47
35 49
35 178
35 180
35 53
35 54
35 186
35 59
35 188
35 62
35 63
35 181
35 182
35 71
35 74
35 75
35 79
35 81
35 193
35 84
35 88
35 89
35 91
35 94
35 95
35 96
35 98
35 100
35 102
35 103
35 105
35 106
35 110
35 174
35 112
35 115
35 116
35 190
35 118
35 121
35 122
35 191
36 131
36 139
36 140
36 130
36 146
36 151
36 153
36 156
36 177
36 37
36 38
36 167
36 40
36 169
36 170
36 43
36 45
36 174
36 175
36 49
36 178
36 52
36 181
36 56
36 180
36 58
36 59
36 188
36 189
36 190
36 65
36 66
36 68
36 197
36 198
36 161
36 72
36 129
36 76
36 77
36 78
36 141
36 163
36 84
36 142
36 185
36 88
36 89
36 90
36 135
36 95
36 96
36 165
36 100
36 101
36 145
36 104
36 105
36 107
36 109
36 110
36 112
36 114
36 116
36 119
36 123
36 125
37 128
37 129
37 132
37 134
37 137
37 151
37 153
37 133
37 162
37 165
37 167
37 40
37 156
37 170
37 43
37 173
37 174
37 47
37 49
37 178
37 52
37 158
37 56
37 186
37 159
37 61
37 190
37 181
37 194
37 164
37 68
37 69
37 72
37 143
37 78
37 80
37 81
37 83
37 147
37 88
37 89
37 152
37 91
37 95
37 98
37 136
37 100
37 101
37 145
37 171
37 107
37 108
37 110
37 111
37 168
37 115
37 187
37 169
37 120
37 121
37 122
37 125
37 126
38 192
38 132
38 133
38 138
38 131
38 185
38 155
38 158
38 191
38 39
38 40
38 172
38 45
38 47
38 49
38 51
38 54
38 183
38 57
38 186
38 187
38 60
38 189
38 62
38 63
38 64
38 193
38 164
38 198
38 74
38 75
38 190
38 142
38 87
38 89
38 91
38 92
38 95
38 101
38 195
38 103
38 104
38 188
38 109
38 113
38 116
38 117
38 118
38 122
38 123
38 125
38 149
39 130
39 131
39 132
39 136
39 138
39 151
39 158
39 152
39 153
39 155
39 156
39 159
39 160
39 163
39 164
39 165
39 167
39 41
39 135
39 44
39 174
39 47
39 49
39 179
39 52
39 53
39 182
39 55
39 184
39 186
39 187
39 188
39 61
39 192
39 198
39 66
39 67
39 70
39 199
39 73
39 75
39 87
39 89
39 92
39 94
39 95
39 171
39 101
39 106
39 146
39 110
39 111
39 112
39 114
39 115
39 117
39 119
39 120
39 121
39 122
39 123
39 124
39 126
39 127
40 128
40 131
40 133
40 139
40 140
40 141
40 142
40 144
40 146
40 195
40 153
40 132
40 161
40 43
40 44
40 173
40 46
40 176
40 50
40 52
40 181
40 182
40 180
40 186
40 59
40 189
40 134
40 63
40 193
40 67
40 198
40 199
40 78
40 190
40 83
40 85
40 86
40 164
40 90
40 91
40 92
40 95
40 96
40 98
40 166
40 103
40 104
40 105
40 171
40 107
40 110
40 114
40 115
40 116
40 117
40 119
40 120
40 121
40 123
40 124
41 128
41 129
41 130
41 150
41 172
41 141
41 146
41 171
41 154
41 167
41 176
41 162
41 164
41 134
41 42
41 135
41 44
41 45
41 46
41 175
41 48
41 177
41 179
41 52
41 53
41 54
41 57
41 58
41 59
41 151
41 61
41 62
41 181
41 193
41 194
41 195
41 196
41 71
41 73
41 83
41 86
41 89
41 90
41 91
41 95
41 96
41 97
41 98
41 99
41 165
41 103
41 105
41 106
41 107
41 174
41 114
41 115
41 118
41 119
41 127
42 172
42 132
42 140
42 141
42 158
42 150
42 156
42 161
42 135
42 44
42 178
42 177
42 50
42 51
42 53
42 55
42 184
42 186
42 183
42 60
42 189
42 181
42 160
42 67
42 68
42 69
42 199
42 72
42 75
42 76
42 162
42 81
42 153
42 152
42 91
42 92
42 154
42 94
42 95
42 97
42 98
42 101
42 102
42 103
42 105
42 171
42 111
42 112
42 114
42 147
42 169
42 120
42 124
42 125
42 126
42 127
43 129
43 132
43 134
43 135
43 136
43 151
43 156
43 197
43 160
43 162
43 166
43 193
43 176
43 44
43 174
43 48
43 49
43 192
43 51
43 182
43 55
43 143
43 189
43 63
43 64
43 65
43 67
43 196
43 69
43 71
43 73
43 75
43 76
43 77
43 78
43 80
43 83
43 84
43 87
43 89
43 91
43 93
43 137
43 95
43 165
43 148
43 99
43 101
43 105
43 110
43 114
43 115
43 118
43 153
43 121
43 122
43 123
43 125
43 126
43 127
44 46
44 47
44 49
44 53
44 55
44 56
44 57
44 59
44 60
44 63
44 64
44 65
44 66
44 68
44 70
44 71
44 73
44 74
44 76
44 77
44 78
44 84
44 85
44 86
44 88
44 90
44 92
44 94
44 100
44 101
44 104
44 108
44 110
44 111
44 112
44 113
44 117
44 121
44 123
44 128
44 129
44 130
44 132
44 135
44 137
44 138
44 140
44 145
44 152
44 154
44 155
44 158
44 160
44 162
44 166
44 168
44 172
44 173
44 174
44 176
44 180
44 184
44 186
44 188
44 190
44 191
44 192
44 197
45 128
45 134
45 136
45 137
45 130
45 147
45 148
45 149
45 161
45 168
45 170
45 135
45 172
45 46
45 47
45 180
45 177
45 52
45 53
45 132
45 57
45 62
45 63
45 192
45 65
45 67
45 68
45 197
45 70
45 158
45 72
45 74
45 75
45 145
45 141
45 81
45 82
45 163
45 85
45 185
45 164
45 91
45 92
45 93
45 94
45 96
45 97
45 100
45 101
45 142
45 105
45 107
45 108
45 110
45 115
45 116
45 120
45 121
45 123
45 125
45 127
46 129
46 178
46 140
46 146
46 147
46 151
46 152
46 154
46 155
46 157
46 159
46 160
46 166
46 177
46 174
46 47
46 176
46 49
46 50
46 51
46 53
46 54
46 183
46 56
46 186
46 168
46 188
46 181
46 66
46 139
46 68
46 182
46 198
46 72
46 73
46 74
46 77
46 79
46 80
46 141
46 156
46 83
46 85
46 88
46 153
46 90
46 91
46 94
46 96
46 144
46 187
46 102
46 103
46 104
46 113
46 117
46 118
46 120
46 122
46 124
46 125
46 126
46 127
47 128
47 172
47 130
47 133
47 136
47 143
47 147
47 174
47 151
47 186
47 158
47 164
47 170
47 171
47 175
47 48
47 177
47 50
47 51
47 155
47 183
47 180
47 163
47 187
47 60
47 190
47 63
47 192
47 65
47 66
47 139
47 69
47 198
47 199
47 140
47 173
47 83
47 84
47 87
47 89
47 90
47 93
47 95
47 178
47 97
47 99
47 165
47 103
47 104
47 105
47 144
47 107
47 146
47 111
47 112
47 114
47 185
47 117
47 118
47 119
47 121
47 195
47 125
47 188
48 171
48 132
48 193
48 151
48 130
48 148
48 150
48 154
48 159
48 160
48 165
48 166
48 179
48 49
48 178
48 51
48 158
48 54
48 185
48 58
48 62
48 191
48 65
48 195
48 68
48 197
48 161
48 76
48 141
48 81
48 156
48 83
48 84
48 86
48 88
48 90
48 92
48 93
48 199
48 144
48 99
48 104
48 108
48 110
48 111
48 112
48 113
48 115
48 116
48 117
48 119
48 123
48 124
48 126
48 127
49 132
49 133
49 135
49 138
49 139
49 140
49 141
49 143
49 146
49 147
49 171
49 150
49 154
49 197
49 161
49 156
49 170
49 173
49 175
49 177
49 50
49 179
49 182
49 183
49 56
49 187
49 151
49 61
49 64
49 193
49 194
49 69
49 198
49 74
49 77
49 79
49 184
49 82
49 163
49 85
49 86
49 164
49 152
49 91
49 188
49 100
49 101
49 178
49 104
49 105
49 106
49 167
49 109
49 111
49 114
49 189
49 169
49 122
49 125
50 131
50 128
50 139
50 141
50 194
50 144
50 145
50 195
50 152
50 153
50 156
50 157
50 155
50 134
50 167
50 135
50 176
50 178
50 180
50 53
50 54
50 55
50 57
50 186
50 151
50 189
50 181
50 64
50 175
50 67
50 197
50 198
50 161
50 72
50 140
50 75
50 80
50 82
50 85
50 185
50 89
50 91
50 165
50 98
50 102
50 192
50 105
50 106
50 107
50 146
50 110
50 112
50 113
50 115
50 117
50 118
50 119
50 120
50 121
50 123
50 124
50 127
51 132
51 133
51 135
51 141
51 142
51 171
51 152
51 153
51 150
51 197
51 134
51 168
51 169
51 172
51 177
51 180
51 181
51 54
51 183
51 56
51 57
51 59
51 60
51 138
51 190
51 191
51 68
51 69
51 161
51 73
51 76
51 162
51 78
51 189
51 80
51 81
51 83
51 84
51 185
51 91
51 182
51 97
51 99
51 100
51 101
51 145
51 106
51 107
51 110
51 154
51 116
51 131
51 118
51 119
51 122
51 123
51 170
52 132
52 128
52 139
52 194
52 142
52 145
52 156
52 154
52 174
52 175
52 176
52 186
52 53
52 182
52 183
52 56
52 58
52 187
52 60
52 61
52 64
52 198
52 66
52 195
52 196
52 197
52 70
52 71
52 74
52 75
52 78
52 85
52 87
52 88
52 89
52 152
52 93
52 96
52 97
52 98
52 99
52 100
52 101
52 102
52 103
52 188
52 146
52 112
52 168
52 158
52 116
52 117
52 118
52 119
52 120
53 133
53 184
53 128
53 141
53 145
53 146
53 131
53 196
53 155
53 157
53 160
53 166
53 129
53 199
53 176
53 158
53 183
53 56
53 58
53 187
53 60
53 189
53 190
53 192
53 194
53 67
53 68
53 71
53 72
53 74
53 77
53 81
53 147
53 86
53 88
53 89
53 90
53 91
53 92
53 97
53 178
53 167
53 106
53 107
53 114
53 115
53 117
53 120
53 121
53 123
54 128
54 132
54 136
54 138
54 130
54 142
54 145
54 146
54 150
54 152
54 158
54 133
54 197
54 165
54 171
54 174
54 173
54 157
54 181
54 182
54 187
54 191
54 198
54 65
54 175
54 67
54 68
54 69
54 70
54 73
54 78
54 141
54 81
54 163
54 84
54 86
54 176
54 89
54 94
54 196
54 99
54 195
54 178
54 105
54 106
54 107
54 110
54 154
54 112
54 147
54 116
54 120
54 122
54 124
54 125
54 127
55 192
55 131
55 136
55 139
55 145
55 148
55 150
55 152
55 153
55 154
55 156
55 133
55 160
55 163
55 169
55 173
55 175
55 179
55 181
55 184
55 57
55 151
55 61
55 63
55 64
55 65
55 67
55 196
55 197
55 198
55 71
55 72
55 75
55 76
55 79
55 80
55 193
55 84
55 142
55 86
55 185
55 91
55 135
55 95
55 96
55 97
55 98
55 99
55 102
55 103
55 188
55 106
55 107
55 108
55 115
55 122
55 191
55 125
55 149
56 142
56 150
56 160
56 166
56 167
56 168
56 156
56 170
56 199
56 173
56 175
56 176
56 178
56 182
56 185
56 187
56 60
56 138
56 62
56 64
56 198
56 139
56 68
56 70
56 158
56 72
56 161
56 76
56 77
56 79
56 80
56 82
56 164
56 89
56 91
56 95
56 188
56 131
56 104
56 105
56 107
56 108
56 146
56 189
56 114
56 147
56 116
56 117
56 118
56 124
56 125
56 126
56 127
57 60
57 63
57 64
57 65
57 67
57 70
57 71
57 72
57 73
57 74
57 75
57 80
57 82
57 84
57 91
57 92
57 93
57 94
57 96
57 97
57 100
57 101
57 105
57 109
57 110
57 111
57 117
57 118
57 119
57 123
57 126
57 129
57 130
57 131
57 133
57 134
57 135
57 136
57 138
57 144
57 148
57 154
57 155
57 156
57 161
57 164
57 170
57 171
57 173
57 176
57 178
57 180
57 182
57 183
57 184
57 188
57 189
57 191
57 192
57 193
57 194
57 195
57 197
57 198
58 128
58 130
58 134
58 139
58 141
58 144
58 145
58 131
58 153
58 155
58 150
58 133
58 165
58 167
58 171
58 172
58 173
58 177
58 183
58 185
58 59
58 188
58 189
58 181
58 68
58 70
58 71
58 74
58 75
58 80
58 81
58 82
58 85
58 86
58 88
58 90
58 91
58 92
58 95
58 96
58 97
58 98
58 187
58 102
58 161
58 106
58 107
58 108
58 111
58 112
58 115
58 116
58 119
58 122
58 124
58 149
59 172
59 150
59 135
59 136
59 137
59 152
59 148
59 153
59 132
59 156
59 160
59 163
59 170
59 171
59 174
59 155
59 181
59 182
59 183
59 180
59 188
59 138
59 192
59 65
59 66
59 67
59 68
59 71
59 72
59 140
59 75
59 143
59 78
59 81
59 82
59 83
59 85
59 90
59 91
59 92
59 93
59 95
59 144
59 99
59 100
59 101
59 103
59 104
59 194
59 106
59 107
59 189
59 112
59 168
59 147
59 117
59 169
59 124
59 125
59 126
60 128
60 130
60 132
60 179
60 134
60 138
60 139
60 141
60 150
60 153
60 156
60 161
60 180
60 164
60 198
60 167
60 171
60 174
60 177
60 182
60 186
60 188
60 63
60 64
60 67
60 69
60 70
60 71
60 73
60 184
60 82
60 83
60 142
60 86
60 87
60 89
60 152
60 143
60 92
60 148
60 95
60 97
60 98
60 166
60 102
60 104
60 106
60 107
60 108
60 115
60 170
60 120
60 121
60 124
60 125
60 126
61 130
61 133
61 134
61 167
61 146
61 150
61 155
61 163
61 166
61 135
61 173
61 174
61 175
61 158
61 182
61 180
61 186
61 187
61 192
61 65
61 198
61 72
61 75
61 156
61 85
61 86
61 153
61 143
61 97
61 99
61 100
61 103
61 105
61 106
61 107
61 109
61 112
61 113
61 114
61 115
61 117
61 169
61 120
61 148
61 123
61 125
62 134
62 139
62 199
62 188
62 148
62 154
62 196
62 133
62 162
62 165
62 168
62 170
62 171
62 172
62 174
62 175
62 180
62 186
62 151
62 138
62 65
62 68
62 70
62 71
62 140
62 74
62 75
62 184
62 83
62 87
62 89
62 91
62 94
62 166
62 102
62 103
62 105
62 107
62 189
62 112
62 113
62 119
62 120
62 121
62 123
62 124
62 125
62 126
63 64
63 65
63 67
63 70
63 72
63 73
63 76
63 77
63 78
63 81
63 83
63 86
63 87
63 88
63 89
63 90
63 92
63 93
63 94
63 97
63 99
63 103
63 105
63 108
63 109
63 112
63 115
63 117
63 119
63 121
63 122
63 123
63 124
63 126
63 127
63 129
63 138
63 139
63 140
63 142
63 145
63 146
63 149
63 150
63 151
63 153
63 154
63 159
63 161
63 164
63 167
63 168
63 170
63 171
63 172
63 174
63 178
63 181
63 182
63 183
63 187
63 188
63 190
63 193
63 194
64 65
64 66
64 67
64 68
64 74
64 76
64 77
64 79
64 81
64 83
64 87
64 88
64 92
64 97
64 99
64 100
64 102
64 105
64 107
64 109
64 110
64 111
64 113
64 115
64 118
64 120
64 125
64 126
64 127
64 128
64 129
64 130
64 131
64 132
64 133
64 135
64 136
64 140
64 142
64 143
64 148
64 150
64 151
64 153
64 154
64 157
64 158
64 161
64 162
64 164
64 165
64 167
64 169
64 171
64 175
64 178
64 181
64 183
64 184
64 187
64 191
64 196
64 197
64 198
64 199
65 129
65 130
65 131
65 134
65 138
65 140
65 194
65 142
65 143
65 145
65 171
65 149
65 150
65 191
65 154
65 185
65 160
65 162
65 163
65 146
65 167
65 174
65 157
65 192
65 66
65 195
65 196
65 69
65 70
65 161
65 177
65 183
65 77
65 81
65 137
65 88
65 89
65 90
65 182
65 173
65 94
65 95
65 96
65 104
65 106
65 109
65 111
65 112
65 116
65 190
65 121
65 123
65 124
66 128
66 192
66 130
66 138
66 141
66 143
66 144
66 147
66 151
66 155
66 157
66 163
66 134
66 135
66 173
66 177
66 178
66 172
66 158
66 180
66 188
66 68
66 73
66 77
66 82
66 86
66 185
66 93
66 94
66 97
66 100
66 167
66 111
66 115
66 116
66 120
66 121
66 123
66 124
66 126
67 72
67 77
67 79
67 82
67 83
67 89
67 90
67 95
67 96
67 98
67 101
67 102
67 104
67 108
67 109
67 112
67 113
67 115
67 118
67 119
67 120
67 121
67 122
67 123
67 124
67 125
67 127
67 134
67 136
67 140
67 141
67 142
67 150
67 152
67 155
67 158
67 159
67 160
67 162
67 164
67 165
67 166
67 172
67 173
67 174
67 177
67 184
67 186
67 187
67 188
67 189
67 191
67 193
67 195
67 196
67 198
67 199
68 128
68 129
68 182
68 133
68 135
68 136
68 138
68 141
68 143
68 179
68 146
68 147
68 148
68 174
68 153
68 160
68 162
68 155
68 167
68 171
68 180
68 134
68 69
68 70
68 199
68 72
68 75
68 76
68 77
68 78
68 79
68 80
68 81
68 82
68 83
68 84
68 85
68 87
68 90
68 91
68 92
68 93
68 95
68 101
68 145
68 106
68 108
68 109
68 186
68 112
68 163
68 114
68 123
68 124
68 126
69 128
69 129
69 133
69 136
69 138
69 143
69 147
69 150
69 152
69 153
69 154
69 155
69 161
69 164
69 177
69 173
69 180
69 181
69 190
69 192
69 175
69 139
69 197
69 130
69 72
69 77
69 81
69 142
69 87
69 88
69 92
69 165
69 96
69 144
69 98
69 99
69 195
69 103
69 104
69 146
69 179
69 116
69 118
69 126
70 75
70 76
70 78
70 79
70 80
70 81
70 83
70 84
70 85
70 86
70 89
70 91
70 92
70 94
70 98
70 99
70 102
70 103
70 105
70 108
70 110
70 112
70 116
70 124
70 125
70 127
70 133
70 135
70 138
70 139
70 140
70 141
70 144
70 145
70 146
70 147
70 148
70 149
70 150
70 152
70 154
70 158
70 166
70 167
70 168
70 169
70 170
70 172
70 173
70 174
70 176
70 180
70 182
70 187
70 189
70 191
70 192
70 193
70 195
71 130
71 131
71 137
71 128
71 145
71 147
71 148
71 150
71 152
71 160
71 161
71 164
71 134
71 166
71 167
71 168
71 174
71 184
71 181
71 192
71 195
71 196
71 73
71 74
71 190
71 82
71 83
71 142
71 91
71 92
71 95
71 97
71 98
71 99
71 165
71 103
71 171
71 110
71 111
71 112
71 140
71 115
71 117
71 169
71 121
71 123
71 125
72 136
72 140
72 158
72 150
72 152
72 133
72 160
72 161
72 197
72 155
72 168
72 169
72 171
72 172
72 175
72 180
72 182
72 190
72 198
72 199
72 73
72 77
72 80
72 184
72 163
72 139
72 185
72 88
72 92
72 93
72 165
72 97
72 99
72 178
72 104
72 105
72 106
72 107
72 109
72 115
72 118
72 170
72 127
73 128
73 130
73 132
73 134
73 129
73 137
73 138
73 149
73 152
73 179
73 156
73 158
73 133
73 162
73 155
73 168
73 199
73 183
73 159
73 192
73 147
73 182
73 76
73 77
73 81
73 163
73 85
73 87
73 89
73 91
73 92
73 174
73 94
73 95
73 171
73 144
73 99
73 194
73 196
73 142
73 188
73 106
73 107
73 111
73 112
73 143
73 115
73 116
73 121
73 125
73 126
74 128
74 171
74 133
74 172
74 139
74 140
74 143
74 144
74 153
74 154
74 158
74 197
74 161
74 164
74 165
74 177
74 156
74 170
74 135
74 175
74 178
74 182
74 184
74 187
74 192
74 193
74 185
74 76
74 162
74 78
74 82
74 83
74 87
74 88
74 91
74 98
74 99
74 104
74 105
74 109
74 111
74 115
74 116
74 119
74 121
74 123
74 125
75 128
75 130
75 178
75 190
75 141
75 173
75 171
75 196
75 162
75 164
75 159
75 174
75 184
75 188
75 192
75 194
75 195
75 197
75 76
75 77
75 79
75 81
75 82
75 87
75 90
75 91
75 186
75 94
75 96
75 166
75 103
75 105
75 106
75 108
75 117
75 121
75 123
75 124
75 127
76 78
76 80
76 84
76 89
76 90
76 92
76 93
76 94
76 97
76 98
76 99
76 102
76 103
76 105
76 106
76 107
76 108
76 109
76 110
76 111
76 114
76 118
76 121
76 122
76 124
76 128
76 131
76 132
76 137
76 138
76 149
76 152
76 153
76 159
76 160
76 161
76 162
76 164
76 168
76 169
76 172
76 173
76 174
76 180
76 182
76 184
76 185
76 186
76 187
76 188
76 193
76 194
76 195
77 192
77 132
77 184
77 140
77 130
77 142
77 144
77 145
77 147
77 149
77 150
77 196
77 156
77 159
77 161
77 162
77 163
77 198
77 166
77 168
77 173
77 175
77 176
77 180
77 187
77 151
77 181
77 199
77 78
77 80
77 81
77 82
77 88
77 89
77 90
77 91
77 98
77 100
77 101
77 102
77 188
77 148
77 146
77 110
77 116
77 160
77 121
78 130
78 131
78 144
78 150
78 153
78 132
78 161
78 162
78 163
78 169
78 175
78 176
78 177
78 183
78 138
78 190
78 193
78 182
78 79
78 81
78 84
78 86
78 88
78 164
78 143
78 135
78 94
78 95
78 98
78 187
78 103
78 105
78 106
78 112
78 113
78 126
78 127
79 132
79 150
79 134
79 138
79 140
79 141
79 142
79 144
79 174
79 154
79 156
79 157
79 159
79 161
79 164
79 163
79 166
79 177
79 168
79 170
79 135
79 172
79 176
79 179
79 155
79 181
79 182
79 185
79 186
79 188
79 190
79 191
79 198
79 80
79 83
79 85
79 86
79 88
79 90
79 91
79 93
79 95
79 97
79 99
79 131
79 195
79 104
79 107
79 112
79 114
79 115
79 116
79 123
79 126
80 131
80 136
80 128
80 139
80 140
80 144
80 146
80 147
80 148
80 150
80 196
80 184
80 156
80 163
80 166
80 129
80 172
80 175
80 176
80 182
80 159
80 151
80 138
80 190
80 192
80 198
80 194
80 197
80 199
80 179
80 83
80 84
80 142
80 86
80 88
80 90
80 91
80 186
80 165
80 96
80 171
80 100
80 101
80 104
80 106
80 107
80 109
80 110
80 174
80 113
80 115
80 126
80 149
81 136
81 140
81 130
81 142
81 144
81 185
81 154
81 133
81 197
81 168
81 171
81 174
81 157
81 178
81 155
81 183
81 184
81 180
81 194
81 158
81 199
81 83
81 86
81 87
81 88
81 89
81 91
81 93
81 94
81 95
81 101
81 105
81 108
81 110
81 163
81 114
81 117
81 148
81 122
81 126
81 149
82 128
82 134
82 135
82 137
82 140
82 143
82 147
82 150
82 151
82 152
82 155
82 161
82 164
82 165
82 177
82 168
82 169
82 193
82 174
82 175
82 176
82 179
82 180
82 189
82 191
82 192
82 160
82 184
82 84
82 87
82 96
82 144
82 100
82 103
82 188
82 107
82 110
82 113
82 114
82 115
82 117
82 118
82 120
82 148
82 122
82 149
83 85
83 89
83 91
83 93
83 96
83 98
83 101
83 102
83 103
83 104
83 105
83 106
83 109
83 113
83 114
83 117
83 118
83 119
83 122
83 123
83 125
83 127
83 134
83 135
83 141
83 143
83 147
83 150
83 151
83 153
83 154
83 156
83 157
83 158
83 160
83 163
83 165
83 169
83 170
83 171
83 175
83 177
83 178
83 183
83 184
83 188
83 189
83 191
83 192
83 197
83 198
83 199
84 149
84 129
84 138
84 144
84 151
84 152
84 153
84 159
84 161
84 165
84 168
84 173
84 178
84 184
84 186
84 187
84 188
84 190
84 191
84 198
84 197
84 199
84 140
84 163
84 176
84 89
84 92
84 93
84 94
84 95
84 99
84 103
84 104
84 105
84 107
84 146
84 112
84 113
84 116
84 117
84 120
84 148
84 123
84 125
84 127
85 129
85 133
85 134
85 136
85 172
85 140
85 130
85 143
85 141
85 145
85 148
85 152
85 155
85 163
85 166
85 167
85 170
85 181
85 138
85 183
85 184
85 180
85 188
85 192
85 193
85 199
85 87
85 89
85 144
85 97
85 187
85 101
85 102
85 103
85 104
85 106
85 107
85 108
85 174
85 115
85 116
85 189
85 119
85 120
85 122
85 125
85 126
86 128
86 135
86 136
86 140
86 141
86 157
86 159
86 176
86 162
86 163
86 164
86 166
86 170
86 174
86 178
86 179
86 184
86 187
86 192
86 182
86 194
86 156
86 186
86 88
86 152
86 92
86 93
86 137
86 95
86 144
86 98
86 131
86 109
86 189
86 112
86 114
86 115
86 116
86 121
86 191
86 124
86 127
87 128
87 151
87 140
87 143
87 146
87 131
87 149
87 154
87 156
87 158
87 162
87 163
87 169
87 170
87 176
87 136
87 181
87 182
87 183
87 184
87 185
87 189
87 194
87 198
87 161
87 141
87 89
87 135
87 93
87 199
87 95
87 96
87 188
87 103
87 105
87 106
87 108
87 191
87 112
87 115
87 117
87 122
87 123
87 125
87 126
87 127
88 192
88 134
88 146
88 131
88 155
88 154
88 158
88 159
88 160
88 162
88 166
88 168
88 170
88 171
88 173
88 172
88 182
88 183
88 180
88 187
88 194
88 195
88 161
88 163
88 199
88 197
88 164
88 91
88 92
88 186
88 94
88 95
88 96
88 98
88 99
88 100
88 101
88 106
88 107
88 108
88 109
88 111
88 112
88 114
88 115
88 116
88 118
88 121
88 123
88 126
88 149
89 136
89 141
89 142
89 144
89 132
89 175
89 172
89 146
89 174
89 176
89 185
89 163
89 187
89 192
89 182
89 145
89 152
89 91
89 135
89 93
89 94
89 165
89 99
89 100
89 101
89 103
89 105
89 167
89 109
89 111
89 114
89 115
89 121
89 191
89 125
89 166
90 129
90 131
90 135
90 172
90 144
90 145
90 151
90 196
90 175
90 161
90 163
90 134
90 167
90 176
90 173
90 177
90 179
90 180
90 183
90 184
90 188
90 192
90 194
90 197
90 174
90 186
90 91
90 92
90 154
90 96
90 97
90 98
90 101
90 195
90 104
90 105
90 106
90 109
90 111
90 116
90 117
90 160
90 124
90 125
90 126
91 92
91 95
91 103
91 106
91 111
91 113
91 118
91 120
91 124
91 125
91 126
91 129
91 130
91 131
91 132
91 136
91 138
91 139
91 141
91 143
91 144
91 147
91 152
91 153
91 154
91 156
91 160
91 162
91 163
91 164
91 168
91 172
91 174
91 176
91 177
91 178
91 184
91 188
91 189
91 191
91 196
91 197
91 198
92 192
92 130
92 138
92 142
92 146
92 149
92 150
92 152
92 154
92 155
92 156
92 157
92 133
92 164
92 134
92 171
92 136
92 172
92 180
92 137
92 190
92 187
92 173
92 93
92 165
92 188
92 99
92 131
92 166
92 103
92 161
92 107
92 113
92 115
92 197
92 158
92 119
92 153
92 191
92 126
93 133
93 134
93 137
93 138
93 142
93 141
93 196
93 171
93 150
93 132
93 155
93 160
93 162
93 163
93 164
93 167
93 168
93 174
93 181
93 151
93 190
93 139
93 130
93 161
93 143
93 95
93 97
93 100
93 104
93 105
93 106
93 108
93 110
93 111
93 114
93 115
93 118
93 120
93 121
93 124
93 125
93 126
93 127
94 128
94 130
94 132
94 145
94 194
94 143
94 167
94 148
94 151
94 156
94 161
94 165
94 193
94 191
94 157
94 181
94 137
94 186
94 138
94 192
94 197
94 163
94 185
94 97
94 98
94 102
94 103
94 105
94 107
94 109
94 111
94 114
94 115
94 116
94 190
94 118
94 119
94 120
94 123
95 101
95 103
95 104
95 105
95 106
95 107
95 108
95 113
95 115
95 117
95 118
95 119
95 121
95 122
95 124
95 127
95 132
95 133
95 134
95 136
95 137
95 139
95 140
95 141
95 143
95 145
95 151
95 156
95 158
95 160
95 166
95 167
95 168
95 170
95 171
95 172
95 175
95 183
95 184
95 187
95 188
95 189
95 190
95 191
95 195
95 198
95 199
96 193
96 139
96 140
96 130
96 142
96 144
96 145
96 147
96 151
96 153
96 155
96 133
96 195
96 134
96 157
96 178
96 179
96 181
96 188
96 138
96 191
96 192
96 194
96 198
96 161
96 141
96 186
96 97
96 99
96 100
96 102
96 104
96 107
96 108
96 109
96 110
96 189
96 113
96 115
96 116
96 118
96 169
96 124
96 125
96 126
96 127
97 129
97 139
97 173
97 145
97 131
97 154
97 156
97 159
97 163
97 134
97 168
97 199
97 172
97 138
97 187
97 190
97 160
97 195
97 196
97 197
97 181
97 186
97 100
97 102
97 105
97 107
97 112
97 115
97 116
97 161
97 121
97 122
97 125
97 149
98 129
98 144
98 146
98 131
98 148
98 150
98 137
98 154
98 197
98 193
98 164
98 135
98 173
98 175
98 177
98 128
98 158
98 180
98 160
98 196
98 140
98 152
98 156
98 186
98 145
98 188
98 110
98 111
98 112
98 113
98 115
98 116
98 120
98 124
98 127
99 128
99 132
99 139
99 146
99 131
99 150
99 156
99 157
99 197
99 160
99 162
99 155
99 165
99 167
99 158
99 184
99 190
99 198
99 196
99 145
99 142
99 143
99 182
99 144
99 187
99 100
99 103
99 105
99 113
99 161
99 117
99 118
99 119
99 153
99 121
99 123
99 124
100 131
100 133
100 136
100 140
100 143
100 150
100 153
100 154
100 158
100 160
100 166
100 168
100 135
100 174
100 175
100 178
100 182
100 183
100 184
100 186
100 188
100 134
100 198
100 130
100 141
100 173
100 163
100 142
100 185
100 101
100 106
100 109
100 111
100 112
100 147
100 116
100 190
100 192
100 124
101 130
101 136
101 140
101 175
101 164
101 147
101 150
101 152
101 156
101 158
101 162
101 155
101 169
101 174
101 157
101 176
101 178
101 182
101 183
101 190
101 192
101 194
101 197
101 144
101 166
101 102
101 104
101 105
101 113
101 114
101 121
101 123
101 125
101 195
102 171
102 150
102 129
102 141
102 142
102 144
102 151
102 152
102 153
102 160
102 161
102 163
102 135
102 173
102 157
102 176
102 181
102 182
102 184
102 187
102 138
102 196
102 197
102 190
102 186
102 188
102 105
102 109
102 110
102 112
102 113
102 114
102 116
102 117
102 120
102 148
102 122
102 192
102 124
102 170
103 133
103 135
103 156
103 151
103 154
103 159
103 162
103 165
103 167
103 171
103 172
103 181
103 182
103 184
103 197
103 192
103 160
103 190
103 191
103 161
103 104
103 105
103 146
103 110
103 111
103 112
103 168
103 183
103 116
103 117
103 119
103 153
103 123
103 124
103 125
104 128
104 135
104 130
104 147
104 149
104 151
104 153
104 158
104 134
104 167
104 176
104 182
104 185
104 138
104 190
104 191
104 198
104 199
104 159
104 105
104 146
104 112
104 168
104 114
104 120
104 121
104 136
104 127
105 108
105 109
105 117
105 126
105 127
105 128
105 129
105 131
105 142
105 143
105 144
105 146
105 154
105 156
105 157
105 158
105 159
105 160
105 161
105 163
105 168
105 169
105 171
105 173
105 180
105 181
105 182
105 184
105 186
105 188
105 192
105 196
105 199
106 128
106 136
106 132
106 152
106 174
106 151
106 137
106 154
106 150
106 162
106 163
106 168
106 135
106 173
106 142
106 185
106 190
106 192
106 197
106 198
106 169
106 165
106 178
106 188
106 196
106 177
106 189
106 113
106 140
106 117
106 119
106 121
106 122
106 124
106 183
107 149
107 131
107 179
107 137
107 139
107 141
107 138
107 152
107 153
107 155
107 157
107 170
107 172
107 136
107 180
107 185
107 193
107 197
107 187
107 165
107 178
107 146
107 112
107 168
107 114
107 147
107 169
107 120
107 121
107 122
107 125
107 127
108 130
108 131
108 132
108 133
108 172
108 138
108 151
108 186
108 184
108 150
108 163
108 166
108 167
108 171
108 175
108 136
108 178
108 179
108 180
108 181
108 182
108 134
108 192
108 198
108 197
108 161
108 141
108 153
108 199
108 165
108 195
108 110
108 111
108 112
108 115
108 190
108 120
108 122
108 191
108 183
109 133
109 137
109 140
109 130
109 142
109 152
109 150
109 161
109 162
109 163
109 134
109 167
109 171
109 174
109 192
109 179
109 181
109 184
109 187
109 188
109 197
109 198
109 185
109 166
109 111
109 113
109 114
109 115
109 117
109 119
109 120
109 123
110 179
110 189
110 144
110 147
110 149
110 153
110 156
110 160
110 161
110 145
110 136
110 180
110 184
110 186
110 188
110 138
110 134
110 191
110 196
110 141
110 142
110 135
110 199
110 130
110 165
110 178
110 167
110 146
110 173
110 112
110 114
110 117
110 118
110 121
110 124
110 127
111 129
111 130
111 133
111 134
111 135
111 132
111 194
111 142
111 152
111 151
111 155
111 168
111 169
111 171
111 173
111 174
111 192
111 172
111 180
111 181
111 183
111 184
111 143
111 188
111 189
111 191
111 195
111 196
111 162
111 193
111 186
111 165
111 187
111 161
111 112
111 140
111 115
111 116
111 117
111 170
111 122
111 124
111 125
111 149
112 133
112 145
112 139
112 189
112 175
112 142
112 167
112 197
112 152
112 153
112 156
112 157
112 185
112 160
112 198
112 193
112 169
112 135
112 178
112 177
112 179
112 176
112 182
112 163
112 143
112 159
112 180
112 118
112 148
112 127
113 144
113 147
113 149
113 151
113 152
113 154
113 161
113 163
113 164
113 134
113 170
113 175
113 128
113 182
113 137
113 184
113 185
113 186
113 146
113 199
113 190
113 165
113 189
113 114
113 115
113 116
113 117
113 122
113 125
114 130
114 132
114 150
114 139
114 140
114 144
114 146
114 171
114 153
114 175
114 156
114 158
114 174
114 179
114 138
114 185
114 186
114 168
114 190
114 191
114 192
114 197
114 198
114 142
114 152
114 187
114 189
114 147
114 118
114 119
114 120
114 126
114 127
115 125
115 126
115 129
115 132
115 134
115 136
115 137
115 140
115 144
115 145
115 148
115 149
115 152
115 154
115 158
115 159
115 160
115 161
115 163
115 164
115 169
115 171
115 173
115 174
115 177
115 178
115 179
115 187
115 188
115 190
115 194
115 195
115 198
115 199
116 128
116 132
116 135
116 137
116 138
116 141
116 143
116 179
116 155
116 158
116 160
116 161
116 197
116 145
116 171
116 177
116 178
116 183
116 176
116 159
116 188
116 189
116 192
116 195
116 173
116 163
116 185
116 186
116 166
116 144
116 147
116 117
116 169
116 120
116 122
116 123
116 125
116 126
116 127
117 118
117 120
117 122
117 123
117 124
117 126
117 128
117 130
117 131
117 132
117 136
117 142
117 143
117 144
117 145
117 146
117 147
117 150
117 152
117 153
117 155
117 157
117 158
117 160
117 163
117 165
117 170
117 173
117 174
117 177
117 179
117 182
117 183
117 186
117 188
117 190
117 192
117 193
117 194
117 195
117 197
117 198
118 128
118 130
118 131
118 133
118 139
118 140
118 171
118 151
118 154
118 158
118 161
118 162
118 164
118 163
118 168
118 172
118 173
118 177
118 181
118 186
118 159
118 138
118 190
118 175
118 198
118 141
118 153
118 152
118 145
118 194
118 169
118 120
118 121
118 122
119 128
119 129
119 130
119 132
119 179
119 149
119 140
119 142
119 145
119 146
119 131
119 154
119 155
119 156
119 160
119 163
119 165
119 170
119 176
119 136
119 192
119 194
119 196
119 197
119 161
119 199
119 139
119 185
119 164
119 148
119 167
119 180
119 121
119 123
119 127
120 192
120 133
120 140
120 141
120 144
120 145
120 148
120 174
120 153
120 150
120 155
120 164
120 146
120 135
120 172
120 175
120 137
120 187
120 182
120 198
120 183
120 162
120 173
120 163
120 197
120 152
120 189
120 151
121 122
121 125
121 126
121 129
121 130
121 132
121 133
121 134
121 136
121 137
121 139
121 140
121 142
121 144
121 145
121 158
121 159
121 160
121 161
121 162
121 163
121 165
121 166
121 169
121 171
121 172
121 173
121 174
121 175
121 176
121 181
121 182
121 185
121 188
121 189
121 195
121 197
121 199
122 128
122 133
122 136
122 152
122 195
122 148
122 153
122 154
122 156
122 159
122 168
122 174
122 173
122 178
122 155
122 158
122 187
122 188
122 190
122 181
122 198
122 183
122 191
122 123
122 125
122 126
122 127
123 128
123 132
123 145
123 150
123 160
123 155
123 134
123 174
123 175
123 180
123 182
123 137
123 159
123 188
123 198
123 173
123 164
123 143
123 189
123 168
123 187
123 190
123 124
123 125
123 166
124 129
124 130
124 132
124 134
124 152
124 149
124 153
124 154
124 156
124 159
124 176
124 165
124 135
124 172
124 151
124 177
124 181
124 182
124 199
124 190
124 174
124 171
124 188
124 191
124 160
124 125
124 126
124 127
125 139
125 141
125 142
125 138
125 145
125 147
125 152
125 155
125 161
125 177
125 174
125 186
125 193
125 196
125 197
125 143
125 164
125 198
125 199
125 165
125 148
125 187
125 144
125 190
125 149
126 130
126 131
126 134
126 184
126 138
126 139
126 143
126 144
126 188
126 148
126 152
126 153
126 157
126 133
126 176
126 162
126 163
126 169
126 172
126 173
126 175
126 177
126 178
126 179
126 183
126 185
126 198
126 197
126 196
126 171
126 191
126 127
127 171
127 138
127 140
127 145
127 146
127 149
127 132
127 156
127 133
127 160
127 176
127 162
127 155
127 164
127 139
127 166
127 168
127 172
127 175
127 181
127 163
127 189
127 190
127 196
127 199
127 143
127 178
128 132
128 129
128 137
128 158
128 143
128 144
128 154
128 155
128 157
128 197
128 163
128 167
128 174
128 159
128 190
128 181
128 193
128 198
128 194
128 141
128 173
128 152
128 186
128 178
128 145
128 147
128 149
129 131
129 193
129 137
129 138
129 141
129 142
129 143
129 174
129 159
129 160
129 162
129 170
129 173
129 157
129 176
129 136
129 178
129 179
129 180
129 183
129 184
129 187
129 189
129 198
129 197
129 164
129 165
129 148
129 153
129 191
130 131
130 134
130 151
130 140
130 141
130 173
130 154
130 156
130 158
130 163
130 193
130 135
130 136
130 192
130 179
130 180
130 137
130 184
130 191
130 196
130 194
130 138
130 189
130 186
130 167
130 157
130 175
130 143
131 179
131 135
131 132
131 146
131 147
131 148
131 154
131 156
131 159
131 160
131 161
131 163
131 199
131 172
131 177
131 180
131 182
131 192
131 191
131 158
131 184
131 166
131 153
132 179
132 135
132 172
132 145
132 150
132 196
132 154
132 176
132 164
132 175
132 180
132 191
132 195
132 147
132 198
132 141
132 170
132 142
132 165
132 177
132 143
133 193
133 136
133 151
133 145
133 150
133 153
133 179
133 156
133 157
133 197
133 167
133 169
133 178
133 184
133 146
133 181
133 194
133 182
133 163
133 186
133 165
133 177
133 190
133 198
134 186
134 138
134 139
134 141
134 173
134 149
134 152
134 156
134 162
134 177
134 170
134 157
134 136
134 180
134 158
134 182
134 183
134 168
134 192
134 197
134 185
134 187
134 178
134 188
134 190
134 189
134 169
135 172
135 140
135 152
135 147
135 149
135 185
135 156
135 198
135 168
135 175
135 184
135 188
135 190
135 193
135 164
135 199
135 177
135 183
135 159
135 178
135 196
136 171
136 196
136 139
136 142
136 148
136 185
136 152
136 153
136 154
136 157
136 162
136 166
136 156
136 172
136 174
136 178
136 158
136 188
136 138
136 169
136 181
136 161
136 183
136 141
136 199
136 187
136 168
136 192
137 138
137 142
137 167
137 168
137 175
137 183
137 185
137 190
137 191
137 192
137 139
137 141
137 173
137 199
137 153
137 143
137 144
137 187
137 145
137 149
138 143
138 152
138 149
138 157
138 165
138 140
138 193
138 180
138 183
138 139
138 182
138 144
138 168
138 190
139 140
139 145
139 149
139 151
139 155
139 157
139 167
139 156
139 170
139 176
139 179
139 192
139 160
139 199
139 162
139 184
139 142
139 186
139 164
139 189
139 147
139 190
140 141
140 142
140 146
140 147
140 149
140 150
140 151
140 155
140 156
140 157
140 159
140 162
140 165
140 167
140 168
140 170
140 175
140 179
140 185
140 188
140 191
140 192
140 193
140 194
140 195
140 197
140 199
141 150
141 142
141 179
141 195
141 148
141 149
141 153
141 154
141 156
141 161
141 162
141 166
141 171
141 186
141 184
141 198
141 193
141 158
141 165
141 188
141 168
141 170
142 148
142 151
142 152
142 154
142 156
142 157
142 161
142 163
142 164
142 165
142 169
142 170
142 171
142 172
142 177
142 179
142 181
142 182
142 185
142 188
142 189
142 194
142 195
142 199
143 171
143 192
143 194
143 144
143 149
143 153
143 160
143 193
143 166
143 167
143 169
143 170
143 159
143 174
143 185
143 186
143 198
143 152
143 165
144 151
144 154
144 160
144 167
144 159
144 181
144 187
144 168
144 161
144 194
144 185
144 145
144 149
145 172
145 150
145 179
145 157
145 158
145 161
145 167
145 168
145 169
145 174
145 175
145 185
145 187
145 188
145 189
145 192
145 152
145 182
145 164
145 186
145 178
146 152
146 149
146 150
146 185
146 156
146 158
146 159
146 162
146 155
146 178
146 183
146 180
146 188
146 192
146 194
146 164
146 177
146 163
146 181
146 189
146 157
146 147
147 173
147 148
147 149
147 153
147 154
147 155
147 156
147 159
147 161
147 162
147 163
147 169
147 190
147 191
147 192
147 198
147 165
147 187
148 173
148 171
148 157
148 155
148 162
148 170
148 166
148 175
148 178
148 184
148 198
148 194
148 197
148 176
148 188
148 168
149 152
149 173
149 167
149 168
149 170
149 172
149 178
149 180
149 158
149 159
149 190
149 195
149 199
149 163
149 186
150 162
150 188
150 152
150 158
150 163
150 165
150 193
150 177
150 191
150 172
150 160
150 184
150 199
150 182
150 161
150 189
150 183
151 171
151 157
151 168
151 170
151 172
151 173
151 184
151 185
151 186
151 159
151 189
151 198
151 161
151 194
151 177
151 183
151 176
151 153
151 187
151 167
152 155
152 156
152 158
152 161
152 163
152 164
152 165
152 167
152 168
152 172
152 173
152 174
152 177
152 178
152 179
152 181
152 182
152 186
152 189
152 193
152 195
152 198
153 154
153 155
153 156
153 157
153 158
153 159
153 160
153 163
153 164
153 166
153 168
153 171
153 172
153 174
153 175
153 176
153 177
153 178
153 182
153 185
153 186
153 189
153 190
153 191
153 196
153 197
153 199
154 179
154 172
154 155
154 193
154 162
154 163
154 165
154 166
154 197
154 158
154 186
154 159
154 192
154 196
154 169
154 190
154 191
155 159
155 172
155 162
155 171
155 178
155 176
155 177
155 190
155 193
155 198
155 175
155 163
155 194
155 196
156 159
156 160
156 163
156 166
156 171
156 172
156 173
156 174
156 175
156 176
156 178
156 179
156 180
156 182
156 183
156 184
156 185
156 186
156 197
157 174
157 164
157 165
157 166
157 168
157 199
157 176
157 177
157 179
157 159
157 181
157 195
157 196
157 161
157 160
157 162
157 198
158 175
158 185
158 161
158 168
158 174
158 172
158 180
158 187
158 160
158 196
158 199
158 198
158 189
158 166
158 170
159 176
159 162
159 163
159 169
159 170
159 172
159 175
159 178
159 180
159 182
159 187
159 189
159 192
159 197
159 165
159 171
159 195
159 167
159 174
160 179
160 192
160 163
160 164
160 193
160 168
160 172
160 186
160 189
160 181
160 187
160 198
160 161
160 171
160 191
160 174
161 162
161 164
161 167
161 168
161 169
161 171
161 172
161 173
161 175
161 178
161 180
161 181
161 185
161 188
161 189
161 193
161 196
161 198
162 172
162 171
162 179
162 163
162 164
162 166
162 167
162 168
162 173
162 178
162 180
162 183
162 187
162 192
162 175
162 194
162 190
162 169
163 166
163 167
163 168
163 172
163 173
163 174
163 175
163 189
163 192
163 194
163 198
163 199
164 172
164 179
164 181
164 168
164 189
164 190
164 193
164 198
164 184
164 185
164 169
164 165
164 166
165 175
165 170
165 178
165 174
165 180
165 181
165 183
165 189
165 191
165 199
165 197
165 186
165 187
165 192
166 177
166 180
166 182
166 176
166 186
166 191
166 192
166 193
166 194
166 196
166 185
166 174
166 190
166 189
167 195
167 171
167 178
167 192
167 175
167 180
167 183
167 185
167 169
167 197
167 199
167 191
168 173
168 177
168 169
168 170
168 175
168 178
168 181
168 182
168 180
168 186
168 189
168 193
168 194
168 184
168 185
168 187
168 191
169 172
169 174
169 175
169 176
169 180
169 181
169 182
169 186
169 191
169 198
169 194
169 197
169 183
169 189
169 187
169 190
169 170
170 179
170 173
170 174
170 178
170 186
170 198
170 193
170 194
170 199
170 183
170 187
170 188
171 172
171 173
171 176
171 177
171 179
171 180
171 181
171 182
171 185
171 186
171 189
171 192
171 193
171 194
171 196
171 198
172 176
172 183
172 185
172 189
172 190
172 192
172 194
172 197
172 198
173 197
173 193
173 177
173 174
173 176
173 179
173 187
173 190
173 185
173 186
173 183
174 196
174 190
174 191
174 178
174 183
174 184
174 180
174 194
174 197
174 199
174 195
175 192
175 178
175 179
175 186
175 193
175 195
175 196
175 184
176 198
176 186
176 181
176 192
176 193
176 182
176 188
176 190
177 193
177 180
177 183
177 185
177 189
177 198
177 199
177 188
178 180
178 196
178 182
178 198
178 185
178 199
178 187
178 191
179 196
179 182
179 184
179 186
179 187
179 191
179 194
179 198
179 199
179 183
180 194
180 196
180 183
180 184
180 186
180 191
180 192
180 193
180 185
180 198
180 189
181 199
181 185
181 188
181 189
181 194
181 195
181 197
181 187
182 196
182 194
182 199
182 189
182 187
183 186
183 193
183 184
183 195
183 185
183 198
183 199
183 189
183 191
184 187
184 199
184 188
184 195
185 195
185 189
185 198
185 191
186 189
186 190
186 194
186 195
186 198
186 199
187 188
187 190
187 191
187 193
187 195
187 197
187 199
188 190
188 189
188 193
188 199
189 194
189 195
189 196
189 197
189 199
190 197
190 193
190 192
190 194
190 196
190 199
190 191
191 197
192 195
192 196
192 198
193 194
193 197
194 198
194 195
194 199
195 199
195 196
196 198
197 198
197 199
#
39
1 3 7 8 9 13 18 28 33 36 37 38 39 40 42 45 55 57 59 60 61 77 79 93 105 113 114 119 121 136 142 145 149 159 166 170 172 183 186 
34
15 19 20 22 31 47 48 49 53 64 67 69 72 83 85 86 88 95 97 99 101 107 111 112 125 137 148 157 167 171 176 181 189 191 
