100
0 1 2 3 4 5 6 7 8 9 10 11 12 13 14 15 16 17 18 19 20 21 22 23 24 25 26 27 28 29 30 31 32 33 34 35 36 37 38 39 40 41 42 43 44 45 46 47 48 49 50 51 52 53 54 55 56 57 58 59 60 61 62 63 64 65 66 67 68 69 70 71 72 73 74 75 76 77 78 79 80 81 82 83 84 85 86 87 88 89 90 91 92 93 94 95 96 97 98 99 
0 1
0 5
0 9
0 10
0 11
0 15
0 16
0 18
0 20
0 23
0 24
0 27
0 28
0 29
0 30
0 31
0 32
0 33
0 39
0 41
0 42
0 44
0 46
0 50
0 55
0 57
0 62
0 65
0 68
0 70
0 75
0 76
0 78
0 79
0 80
0 81
0 82
0 86
0 90
0 93
0 96
0 97
0 98
0 99
1 7
1 8
1 10
1 13
1 15
1 21
1 24
1 28
1 30
1 34
1 37
1 38
1 41
1 45
1 46
1 48
1 49
1 50
1 53
1 56
1 59
1 61
1 62
1 65
1 67
1 71
1 72
1 73
1 76
1 79
1 81
1 85
1 87
1 88
1 89
1 91
1 94
1 95
1 97
1 99
2 3
2 4
2 6
2 7
2 9
2 10
2 13
2 14
2 15
2 16
2 18
2 19
2 20
2 21
2 23
2 24
2 25
2 26
2 28
2 32
2 35
2 39
2 44
2 46
2 47
2 50
2 51
2 54
2 56
2 60
2 68
2 69
2 72
2 73
2 74
2 76
2 77
2 78
2 80
2 83
2 85
2 86
2 87
2 89
2 91
2 93
2 95
2 97
2 98
2 99
3 4
3 5
3 13
3 20
3 24
3 25
3 27
3 28
3 30
3 31
3 37
3 39
3 40
3 41
3 43
3 45
3 46
3 47
3 52
3 58
3 62
3 63
3 64
3 65
3 70
3 72
3 75
3 81
3 84
3 85
3 88
3 91
3 92
3 93
3 99
4 7
4 9
4 11
4 12
4 14
4 15
4 16
4 17
4 18
4 21
4 22
4 27
4 30
4 31
4 32
4 34
4 36
4 37
4 38
4 41
4 42
4 44
4 45
4 46
4 48
4 49
4 54
4 58
4 60
4 63
4 64
4 68
4 75
4 76
4 77
4 79
4 80
4 81
4 84
4 86
4 89
4 90
4 94
4 95
4 96
4 97
4 99
5 6
5 8
5 13
5 20
5 24
5 26
5 29
5 32
5 33
5 36
5 37
5 38
5 41
5 42
5 45
5 49
5 53
5 55
5 56
5 58
5 65
5 67
5 69
5 74
5 75
5 77
5 78
5 79
5 81
5 89
5 93
5 94
5 98
5 99
6 8
6 9
6 18
6 20
6 21
6 22
6 23
6 26
6 29
6 30
6 35
6 39
6 41
6 42
6 43
6 46
6 48
6 50
6 53
6 56
6 59
6 60
6 64
6 66
6 67
6 69
6 79
6 82
6 89
6 91
6 94
6 96
6 97
6 98
7 9
7 10
7 11
7 16
7 18
7 22
7 24
7 27
7 29
7 31
7 32
7 33
7 36
7 38
7 39
7 40
7 47
7 48
7 50
7 53
7 61
7 62
7 66
7 67
7 68
7 72
7 73
7 76
7 77
7 79
7 83
7 84
7 94
7 95
7 99
8 10
8 11
8 13
8 14
8 15
8 28
8 29
8 32
8 34
8 37
8 40
8 41
8 42
8 44
8 50
8 53
8 55
8 59
8 61
8 63
8 64
8 65
8 68
8 69
8 70
8 76
8 77
8 78
8 82
8 83
8 84
8 87
8 93
8 95
9 12
9 14
9 18
9 20
9 24
9 31
9 36
9 37
9 40
9 46
9 50
9 52
9 53
9 55
9 56
9 59
9 61
9 62
9 63
9 67
9 69
9 71
9 74
9 81
9 82
9 83
9 84
9 85
9 86
9 87
9 95
9 97
10 12
10 15
10 18
10 22
10 23
10 24
10 27
10 34
10 39
10 41
10 43
10 45
10 46
10 49
10 50
10 51
10 56
10 57
10 58
10 60
10 61
10 64
10 65
10 67
10 71
10 72
10 74
10 77
10 78
10 79
10 80
10 81
10 85
10 87
10 88
10 89
10 95
10 96
11 12
11 14
11 15
11 18
11 23
11 24
11 25
11 27
11 29
11 33
11 36
11 41
11 44
11 45
11 46
11 47
11 51
11 52
11 53
11 55
11 56
11 57
11 58
11 59
11 60
11 62
11 68
11 70
11 71
11 76
11 78
11 80
11 81
11 83
11 85
11 86
11 87
11 89
11 98
12 15
12 16
12 21
12 22
12 23
12 24
12 25
12 26
12 29
12 30
12 34
12 38
12 44
12 45
12 46
12 48
12 49
12 52
12 53
12 58
12 59
12 60
12 64
12 66
12 69
12 72
12 75
12 78
12 79
12 80
12 82
12 83
12 84
12 87
12 90
12 93
12 95
12 96
12 98
12 99
13 16
13 20
13 23
13 24
13 29
13 30
13 32
13 33
13 40
13 43
13 44
13 45
13 48
13 49
13 53
13 54
13 58
13 66
13 67
13 68
13 69
13 71
13 73
13 74
13 78
13 79
13 80
13 82
13 83
13 84
13 89
13 90
13 99
14 16
14 31
14 37
14 40
14 45
14 48
14 55
14 60
14 61
14 62
14 66
14 67
14 68
14 73
14 74
14 77
14 79
14 80
14 82
14 86
14 88
14 90
14 91
14 96
14 97
15 16
15 19
15 26
15 28
15 32
15 35
15 36
15 37
15 43
15 44
15 48
15 52
15 54
15 57
15 62
15 64
15 65
15 69
15 70
15 71
15 77
15 78
15 81
15 83
15 84
15 87
15 89
15 93
15 94
15 97
15 98
15 99
16 17
16 18
16 25
16 26
16 27
16 30
16 31
16 33
16 37
16 38
16 40
16 41
16 42
16 44
16 46
16 47
16 48
16 51
16 54
16 58
16 63
16 67
16 76
16 77
16 78
16 85
16 87
16 88
16 89
16 90
16 91
16 93
16 94
16 96
17 21
17 24
17 25
17 30
17 31
17 32
17 35
17 37
17 41
17 42
17 45
17 47
17 49
17 54
17 56
17 57
17 58
17 61
17 68
17 70
17 74
17 75
17 77
17 78
17 82
17 84
17 86
17 87
17 89
17 97
17 98
18 25
18 26
18 27
18 29
18 33
18 34
18 38
18 39
18 40
18 41
18 43
18 50
18 52
18 53
18 54
18 58
18 60
18 67
18 68
18 69
18 70
18 73
18 74
18 75
18 76
18 78
18 81
18 82
18 90
18 91
18 92
18 97
18 98
19 23
19 24
19 28
19 30
19 31
19 33
19 35
19 37
19 38
19 41
19 43
19 49
19 50
19 52
19 54
19 55
19 56
19 59
19 61
19 74
19 77
19 79
19 81
19 84
19 88
19 92
19 94
19 97
20 21
20 24
20 25
20 28
20 31
20 32
20 33
20 38
20 39
20 40
20 44
20 47
20 48
20 49
20 51
20 56
20 58
20 59
20 60
20 63
20 68
20 69
20 72
20 73
20 74
20 75
20 76
20 79
20 80
20 81
20 88
20 94
20 96
20 99
21 23
21 26
21 27
21 29
21 31
21 32
21 35
21 36
21 37
21 41
21 42
21 43
21 45
21 46
21 47
21 48
21 49
21 50
21 51
21 59
21 60
21 61
21 65
21 67
21 68
21 69
21 71
21 76
21 79
21 81
21 82
21 83
21 84
21 87
21 88
21 89
21 90
21 94
21 95
21 96
21 97
22 28
22 30
22 31
22 35
22 41
22 42
22 48
22 52
22 53
22 54
22 56
22 59
22 63
22 65
22 66
22 67
22 69
22 70
22 71
22 72
22 73
22 74
22 76
22 78
22 81
22 82
22 83
22 84
22 86
22 87
22 90
22 91
22 94
22 96
22 97
23 24
23 25
23 26
23 27
23 28
23 30
23 31
23 38
23 40
23 43
23 45
23 49
23 50
23 56
23 58
23 61
23 63
23 64
23 70
23 73
23 74
23 78
23 80
23 86
23 91
23 93
23 94
23 95
23 96
23 97
23 98
24 26
24 30
24 33
24 34
24 37
24 38
24 39
24 41
24 43
24 45
24 47
24 48
24 53
24 56
24 57
24 60
24 61
24 62
24 65
24 66
24 71
24 73
24 74
24 75
24 82
24 83
24 84
24 88
24 95
24 99
25 26
25 28
25 34
25 36
25 37
25 46
25 47
25 50
25 53
25 62
25 63
25 67
25 70
25 71
25 74
25 81
25 84
25 85
25 89
25 90
25 91
25 92
25 93
25 97
25 99
26 28
26 29
26 31
26 33
26 35
26 41
26 43
26 46
26 47
26 48
26 52
26 53
26 54
26 55
26 58
26 62
26 63
26 64
26 67
26 68
26 70
26 72
26 77
26 81
26 83
26 85
26 87
26 88
26 94
27 29
27 30
27 31
27 33
27 35
27 38
27 41
27 48
27 54
27 60
27 61
27 63
27 64
27 65
27 67
27 68
27 71
27 72
27 73
27 75
27 81
27 85
27 89
27 90
27 94
27 95
27 98
28 29
28 30
28 33
28 34
28 36
28 37
28 39
28 40
28 41
28 42
28 43
28 44
28 46
28 47
28 48
28 49
28 50
28 51
28 52
28 55
28 56
28 57
28 58
28 60
28 61
28 64
28 65
28 67
28 69
28 70
28 75
28 76
28 78
28 81
28 82
28 85
28 86
28 87
28 88
28 91
28 92
28 93
28 94
28 95
28 98
29 31
29 32
29 33
29 35
29 36
29 42
29 43
29 46
29 48
29 50
29 52
29 62
29 64
29 65
29 67
29 68
29 69
29 72
29 73
29 75
29 80
29 85
29 88
29 90
29 95
29 98
30 31
30 32
30 33
30 34
30 35
30 37
30 39
30 40
30 41
30 42
30 44
30 46
30 49
30 50
30 51
30 52
30 53
30 56
30 58
30 59
30 61
30 62
30 64
30 65
30 68
30 70
30 71
30 72
30 73
30 80
30 84
30 86
30 88
30 90
30 92
30 93
30 94
30 95
30 96
30 97
31 36
31 37
31 40
31 43
31 48
31 53
31 55
31 56
31 57
31 61
31 64
31 65
31 66
31 69
31 71
31 72
31 74
31 76
31 78
31 79
31 82
31 83
31 86
31 87
31 88
31 91
31 93
31 96
31 99
32 33
32 35
32 37
32 39
32 41
32 45
32 48
32 49
32 55
32 56
32 62
32 63
32 65
32 70
32 72
32 74
32 77
32 80
32 81
32 82
32 87
32 90
32 91
32 96
33 37
33 40
33 43
33 48
33 49
33 50
33 52
33 55
33 58
33 62
33 64
33 65
33 69
33 71
33 76
33 79
33 81
33 83
33 84
33 88
33 89
33 94
34 36
34 38
34 40
34 42
34 43
34 44
34 45
34 48
34 51
34 54
34 57
34 58
34 59
34 60
34 64
34 65
34 69
34 70
34 71
34 75
34 80
34 82
34 90
34 92
34 95
34 96
34 97
34 99
35 37
35 38
35 41
35 43
35 46
35 50
35 52
35 54
35 55
35 60
35 65
35 68
35 70
35 73
35 74
35 76
35 77
35 80
35 82
35 83
35 84
35 90
35 92
35 93
35 94
35 98
36 42
36 46
36 52
36 54
36 57
36 59
36 60
36 61
36 63
36 64
36 65
36 69
36 72
36 76
36 77
36 80
36 81
36 82
36 86
36 87
36 88
36 90
36 94
36 96
36 98
37 38
37 41
37 45
37 46
37 48
37 51
37 52
37 53
37 57
37 59
37 67
37 68
37 72
37 74
37 76
37 77
37 78
37 79
37 80
37 81
37 90
37 93
37 95
38 41
38 47
38 48
38 49
38 56
38 57
38 58
38 59
38 61
38 62
38 65
38 72
38 74
38 75
38 77
38 80
38 85
38 86
38 89
38 91
38 93
38 95
38 97
39 40
39 48
39 49
39 52
39 65
39 70
39 71
39 72
39 73
39 74
39 75
39 82
39 83
39 86
39 88
39 91
39 92
39 93
39 96
39 99
40 41
40 43
40 44
40 45
40 48
40 54
40 63
40 65
40 70
40 72
40 80
40 82
40 88
40 93
40 94
40 96
40 99
41 43
41 44
41 47
41 48
41 49
41 52
41 55
41 56
41 59
41 62
41 66
41 67
41 68
41 69
41 71
41 73
41 79
41 80
41 81
41 84
41 88
41 93
41 94
41 96
41 98
42 47
42 50
42 59
42 62
42 66
42 68
42 69
42 70
42 71
42 73
42 77
42 80
42 82
42 84
42 86
42 88
42 93
42 95
43 45
43 46
43 49
43 50
43 59
43 60
43 63
43 66
43 70
43 71
43 76
43 81
43 82
43 86
43 88
43 90
43 92
43 93
43 96
44 46
44 51
44 52
44 57
44 61
44 65
44 69
44 71
44 74
44 76
44 77
44 78
44 80
44 81
44 82
44 84
44 85
44 86
44 87
44 89
44 90
44 93
44 94
45 46
45 48
45 50
45 52
45 55
45 57
45 61
45 63
45 64
45 65
45 67
45 68
45 70
45 72
45 73
45 74
45 75
45 81
45 84
45 85
45 90
45 91
45 92
45 95
45 97
45 98
46 50
46 51
46 55
46 57
46 58
46 59
46 62
46 63
46 65
46 68
46 70
46 72
46 73
46 76
46 78
46 79
46 81
46 82
46 88
46 92
46 95
46 96
46 97
47 48
47 49
47 50
47 51
47 52
47 54
47 55
47 59
47 62
47 64
47 65
47 66
47 72
47 75
47 83
47 84
47 86
47 88
47 89
47 91
47 92
47 96
47 97
47 98
48 50
48 53
48 55
48 56
48 58
48 61
48 63
48 66
48 69
48 71
48 73
48 77
48 80
48 81
48 83
48 84
48 86
48 87
48 89
48 91
48 94
48 97
49 51
49 52
49 56
49 64
49 67
49 72
49 75
49 77
49 79
49 80
49 81
49 82
49 84
49 87
49 90
49 91
49 93
49 94
50 51
50 54
50 55
50 58
50 60
50 64
50 65
50 67
50 68
50 69
50 70
50 76
50 77
50 78
50 79
50 81
50 82
50 83
50 84
50 85
50 86
50 87
50 88
50 89
50 90
50 91
50 94
50 95
50 99
51 53
51 54
51 57
51 60
51 61
51 62
51 66
51 69
51 70
51 76
51 77
51 81
51 83
51 85
51 93
51 98
52 54
52 55
52 56
52 59
52 61
52 63
52 64
52 65
52 67
52 72
52 75
52 77
52 78
52 80
52 83
52 84
52 85
52 89
52 90
52 91
52 93
52 94
52 95
52 96
52 97
53 54
53 55
53 58
53 60
53 62
53 64
53 69
53 72
53 73
53 75
53 76
53 77
53 83
53 84
53 85
53 87
53 88
53 91
53 94
53 95
54 55
54 59
54 60
54 61
54 65
54 67
54 68
54 73
54 75
54 76
54 77
54 78
54 81
54 83
54 85
54 86
54 88
54 91
54 94
54 98
55 56
55 57
55 58
55 59
55 60
55 63
55 65
55 66
55 67
55 68
55 69
55 70
55 71
55 76
55 78
55 79
55 83
55 85
55 87
55 88
55 89
55 92
55 94
55 95
55 96
55 98
56 58
56 61
56 62
56 65
56 69
56 72
56 74
56 75
56 78
56 86
56 87
56 89
56 90
56 93
56 94
56 97
57 58
57 60
57 61
57 67
57 68
57 69
57 70
57 73
57 74
57 78
57 81
57 87
57 89
57 93
57 94
57 95
57 98
57 99
58 64
58 66
58 67
58 68
58 69
58 72
58 73
58 75
58 78
58 79
58 80
58 82
58 83
58 87
58 88
58 89
58 90
58 95
58 96
58 99
59 60
59 61
59 62
59 63
59 66
59 69
59 72
59 73
59 75
59 76
59 81
59 83
59 85
59 86
59 87
59 90
59 93
59 96
60 61
60 62
60 65
60 66
60 78
60 79
60 81
60 89
60 91
60 94
60 98
60 99
61 66
61 69
61 70
61 75
61 77
61 78
61 80
61 81
61 84
61 86
61 87
61 88
61 89
61 95
61 96
61 97
62 67
62 68
62 69
62 73
62 74
62 77
62 79
62 80
62 81
62 84
62 85
62 86
62 87
62 92
62 96
62 98
63 66
63 69
63 73
63 74
63 75
63 78
63 80
63 84
63 86
63 87
63 88
63 89
63 92
63 94
63 97
64 65
64 70
64 72
64 75
64 78
64 80
64 84
64 85
64 87
64 89
64 90
64 94
64 95
64 97
65 66
65 67
65 69
65 71
65 76
65 78
65 79
65 85
65 87
65 91
65 93
65 94
65 96
65 98
65 99
66 70
66 73
66 79
66 82
66 85
66 86
66 87
66 89
66 91
66 92
66 93
66 94
67 68
67 70
67 71
67 72
67 74
67 76
67 77
67 81
67 84
67 88
67 91
67 93
67 94
67 96
67 99
68 70
68 71
68 72
68 74
68 78
68 83
68 86
68 87
68 88
68 90
68 93
69 70
69 72
69 74
69 81
69 87
69 89
69 92
69 96
70 72
70 76
70 80
70 82
70 85
70 87
70 92
70 93
70 94
70 97
70 98
71 75
71 77
71 79
71 80
71 81
71 82
71 85
71 86
71 89
71 90
71 92
71 93
71 95
71 98
71 99
72 73
72 77
72 79
72 80
72 81
72 83
72 87
72 92
72 94
72 99
73 74
73 75
73 79
73 82
73 83
73 84
73 86
73 87
73 92
73 95
74 77
74 83
74 86
74 87
74 97
75 76
75 77
75 80
75 81
75 83
75 84
75 86
75 87
75 88
75 90
75 99
76 77
76 78
76 79
76 80
76 81
76 84
76 86
76 88
76 92
76 93
76 94
76 96
77 78
77 80
77 82
77 83
77 85
77 87
77 90
77 92
77 93
77 94
77 96
78 80
78 81
78 87
78 89
78 99
79 84
79 89
79 90
79 91
79 93
79 94
79 95
79 96
79 97
80 81
80 86
80 87
80 89
80 90
80 93
80 96
80 98
81 82
81 86
81 87
81 88
81 92
81 94
81 96
82 85
82 89
82 90
82 92
82 93
82 95
82 96
82 98
82 99
83 85
83 86
83 87
83 88
83 92
83 93
83 94
83 95
83 96
84 85
84 88
84 92
84 94
84 97
84 98
85 86
85 88
85 90
85 91
85 97
85 99
86 88
86 91
86 98
87 88
87 89
87 91
87 95
87 98
88 90
88 92
88 93
88 97
88 99
89 90
89 91
89 93
89 96
90 95
91 93
91 95
91 96
91 97
91 98
92 96
93 96
93 97
93 98
95 97
96 99
98 99
#
19
6 13 25 28 31 34 35 36 37 48 54 56 60 62 73 76 79 89 93 
12
9 15 16 32 42 45 57 59 78 82 91 96 
